# DECam system throughput, from DECaLS wiki, 
# source: DECamFilters-14apr18.xslx
# airmass:       1.40000
# u band

      3000.00      0.00000
      3010.00      0.00000
      3020.00      0.00000
      3030.00      0.00000
      3040.00      0.00000
      3050.00      0.00000
      3060.00      0.00000
      3070.00      0.00000
      3080.00      0.00000
      3090.00      0.00000
      3100.00      0.00000
      3110.00      0.00000
      3120.00      0.00000
      3130.00      0.00000
      3140.00      0.00000
      3150.00      0.00000
      3160.00      0.00000
      3170.00      0.00000
      3180.00      0.00000
      3190.00      0.00000
      3200.00      0.00000
      3210.00      0.00000
      3220.00      0.00000
      3230.00      0.00000
      3240.00      0.00000
      3250.00      0.00000
      3260.00      0.00000
      3270.00      0.00000
      3280.00      0.00000
      3290.00      0.00000
      3300.00      0.00000
      3310.00      0.00000
      3320.00      0.00000
      3330.00      0.00000
      3340.00   0.00127274
      3350.00   0.00252637
      3360.00   0.00318229
      3370.00   0.00363130
      3380.00   0.00418861
      3390.00   0.00431502
      3400.00   0.00434172
      3410.00   0.00522432
      3420.00   0.00586755
      3430.00   0.00668356
      3440.00   0.00748015
      3450.00   0.00836915
      3460.00   0.00923783
      3470.00   0.00906740
      3480.00    0.0106501
      3490.00    0.0109465
      3500.00    0.0119193
      3510.00    0.0129118
      3520.00    0.0133075
      3530.00    0.0149438
      3540.00    0.0171870
      3550.00    0.0177746
      3560.00    0.0208422
      3570.00    0.0211859
      3580.00    0.0238291
      3590.00    0.0257048
      3600.00    0.0276805
      3610.00    0.0289107
      3620.00    0.0327693
      3630.00    0.0347799
      3640.00    0.0368113
      3650.00    0.0388634
      3660.00    0.0447686
      3670.00    0.0452720
      3680.00    0.0507449
      3690.00    0.0515130
      3700.00    0.0560553
      3710.00    0.0577752
      3720.00    0.0604821
      3730.00    0.0633614
      3740.00    0.0667775
      3750.00    0.0702241
      3760.00    0.0737230
      3770.00    0.0770805
      3780.00    0.0801764
      3790.00    0.0833119
      3800.00    0.0879288
      3810.00    0.0895000
      3820.00    0.0919685
      3830.00    0.0942538
      3840.00    0.0986236
      3850.00     0.101564
      3860.00     0.104535
      3870.00     0.108008
      3880.00     0.111766
      3890.00     0.113135
      3900.00     0.114514
      3910.00     0.118090
      3920.00     0.122406
      3930.00     0.123400
      3940.00     0.127464
      3950.00     0.130915
      3960.00     0.133913
      3970.00     0.133186
      3980.00     0.113833
      3990.00    0.0864038
      4000.00    0.0478270
      4010.00    0.0178551
      4020.00   0.00732082
      4030.00   0.00293491
      4040.00   0.00130163
      4050.00   0.00119748
      4060.00   0.00100770
      4070.00  0.000351849
      4080.00  0.000199757
      4090.00  0.000190273
      4100.00  0.000171296
      4110.00  0.000123750
      4120.00  9.52198e-05
      4130.00  9.52475e-05
      4140.00  8.57351e-05
      4150.00  8.57599e-05
      4160.00  7.62529e-05
      4170.00  7.62639e-05
      4180.00  6.67500e-05
      4190.00  6.67690e-05
      4200.00  7.63182e-05
      4210.00  9.54248e-05
      4220.00  5.72711e-05
      4230.00  5.72791e-05
      4240.00  5.72952e-05
      4250.00  5.73032e-05
      4260.00  6.68724e-05
      4270.00  6.68818e-05
      4280.00  5.73431e-05
      4290.00  6.69096e-05
      4300.00  6.69281e-05
      4310.00  5.73748e-05
      4320.00  5.73906e-05
      4330.00  6.69649e-05
      4340.00  6.69832e-05
      4350.00  6.69923e-05
      4360.00  6.70014e-05
      4370.00  6.70196e-05
      4380.00  6.70287e-05
      4390.00  6.70467e-05
      4400.00  7.66352e-05
      4410.00  7.66455e-05
      4420.00  7.66557e-05
      4430.00  7.66763e-05
      4440.00  7.66865e-05
      4450.00  7.66967e-05
      4460.00  8.62953e-05
      4470.00  8.63182e-05
      4480.00  9.59218e-05
      4490.00  9.59344e-05
      4500.00  9.59597e-05
      4510.00  0.000105570
      4520.00  0.000105583
      4530.00  0.000105597
      4540.00  0.000105625
      4550.00  0.000105639
      4560.00  0.000115257
      4570.00  0.000124878
      4580.00  0.000124894
      4590.00  0.000134519
      4600.00  0.000144146
      4610.00  0.000153776
      4620.00  0.000153795
      4630.00  0.000163429
      4640.00  0.000163449
      4650.00  0.000173086
      4660.00  0.000182726
      4670.00  0.000182772
      4680.00  0.000192416
      4690.00  0.000182796
      4700.00  0.000182819
      4710.00  0.000173219
      4720.00  0.000163616
      4730.00  0.000144367
      4740.00  0.000125118
      4750.00  9.62569e-05
      4760.00  7.70056e-05
      4770.00  6.73799e-05
      4780.00  5.77615e-05
      4790.00  4.81406e-05
      4800.00  3.85222e-05
      4810.00  2.88953e-05
      4820.00  2.88989e-05
      4830.00  2.89025e-05
      4840.00  1.92731e-05
      4850.00  1.92731e-05
      4860.00  1.92755e-05
      4870.00  1.92779e-05
      4880.00  9.64015e-06
      4890.00  9.64135e-06
      4900.00  9.64254e-06
      4910.00  9.64373e-06
      4920.00  9.64492e-06
      4930.00  9.64492e-06
      4940.00  9.64610e-06
      4950.00  9.64729e-06
      4960.00  9.64729e-06
      4970.00  9.64847e-06
      4980.00  9.64847e-06
      4990.00  9.64847e-06
      5000.00  9.64965e-06
      5010.00  9.64965e-06
      5020.00  9.64965e-06
      5030.00  9.65083e-06
      5040.00  9.65083e-06
      5050.00  9.65083e-06
      5060.00  9.65201e-06
      5070.00  1.93064e-05
      5080.00  1.93064e-05
      5090.00  1.93087e-05
      5100.00  1.93111e-05
      5110.00  1.93134e-05
      5120.00  1.93134e-05
      5130.00  1.93157e-05
      5140.00  1.93157e-05
      5150.00  2.89771e-05
      5160.00  2.89806e-05
      5170.00  2.89806e-05
      5180.00  2.89806e-05
      5190.00  2.89806e-05
      5200.00  2.89841e-05
      5210.00  2.89841e-05
      5220.00  2.89841e-05
      5230.00  2.89876e-05
      5240.00  2.89876e-05
      5250.00  2.89876e-05
      5260.00  2.89876e-05
      5270.00  2.89876e-05
      5280.00  2.89876e-05
      5290.00  2.89876e-05
      5300.00  3.86501e-05
      5310.00  3.86501e-05
      5320.00  3.86548e-05
      5330.00  3.86548e-05
      5340.00  3.86548e-05
      5350.00  3.86594e-05
      5360.00  3.86594e-05
      5370.00  3.86640e-05
      5380.00  3.86640e-05
      5390.00  3.86686e-05
      5400.00  3.86686e-05
      5410.00  3.86686e-05
      5420.00  3.86733e-05
      5430.00  3.86733e-05
      5440.00  3.86733e-05
      5450.00  3.86779e-05
      5460.00  3.86779e-05
      5470.00  3.86779e-05
      5480.00  3.86779e-05
      5490.00  3.86779e-05
      5500.00  3.86825e-05
      5510.00  3.86825e-05
      5520.00  3.86825e-05
      5530.00  4.83531e-05
      5540.00  4.83531e-05
      5550.00  4.83531e-05
      5560.00  4.83531e-05
      5570.00  4.83531e-05
      5580.00  4.83531e-05
      5590.00  4.83531e-05
      5600.00  4.83473e-05
      5610.00  3.86779e-05
      5620.00  3.86779e-05
      5630.00  3.86779e-05
      5640.00  3.86779e-05
      5650.00  2.90049e-05
      5660.00  2.90049e-05
      5670.00  2.90049e-05
      5680.00  1.93320e-05
      5690.00  1.93251e-05
      5700.00  1.93251e-05
      5710.00  9.66485e-06
      5720.00  9.66137e-06
      5730.00  9.66253e-06
      5740.00  9.66253e-06
      5750.00  9.66137e-06
      5760.00  9.66253e-06
      5770.00  9.66369e-06
      5780.00  9.66485e-06
      5790.00  9.66600e-06
      5800.00  9.66831e-06
      5810.00  9.67062e-06
      5820.00  9.67291e-06
      5830.00  9.67406e-06
      5840.00  9.67520e-06
      5850.00  9.67635e-06
      5860.00  9.67749e-06
      5870.00  9.67635e-06
      5880.00  9.67291e-06
      5890.00  9.66600e-06
      5900.00      0.00000
      5910.00      0.00000
      5920.00      0.00000
      5930.00      0.00000
      5940.00      0.00000
      5950.00      0.00000
      5960.00      0.00000
      5970.00      0.00000
      5980.00      0.00000
      5990.00      0.00000
      6000.00      0.00000
      6010.00      0.00000
      6020.00      0.00000
      6030.00      0.00000
      6040.00      0.00000
      6050.00      0.00000
      6060.00      0.00000
      6070.00      0.00000
      6080.00      0.00000
      6090.00      0.00000
      6100.00      0.00000
      6110.00      0.00000
      6120.00      0.00000
      6130.00      0.00000
      6140.00      0.00000
      6150.00      0.00000
      6160.00      0.00000
      6170.00      0.00000
      6180.00      0.00000
      6190.00      0.00000
      6200.00      0.00000
      6210.00      0.00000
      6220.00      0.00000
      6230.00      0.00000
      6240.00      0.00000
      6250.00      0.00000
      6260.00      0.00000
      6270.00      0.00000
      6280.00      0.00000
      6290.00      0.00000
      6300.00      0.00000
      6310.00      0.00000
      6320.00      0.00000
      6330.00      0.00000
      6340.00      0.00000
      6350.00      0.00000
      6360.00      0.00000
      6370.00      0.00000
      6380.00      0.00000
      6390.00      0.00000
      6400.00      0.00000
      6410.00      0.00000
      6420.00      0.00000
      6430.00      0.00000
      6440.00      0.00000
      6450.00      0.00000
      6460.00      0.00000
      6470.00      0.00000
      6480.00      0.00000
      6490.00      0.00000
      6500.00      0.00000
      6510.00      0.00000
      6520.00      0.00000
      6530.00      0.00000
      6540.00      0.00000
      6550.00      0.00000
      6560.00      0.00000
      6570.00      0.00000
      6580.00      0.00000
      6590.00      0.00000
      6600.00      0.00000
      6610.00      0.00000
      6620.00      0.00000
      6630.00      0.00000
      6640.00      0.00000
      6650.00      0.00000
      6660.00      0.00000
      6670.00      0.00000
      6680.00      0.00000
      6690.00      0.00000
      6700.00      0.00000
      6710.00      0.00000
      6720.00      0.00000
      6730.00      0.00000
      6740.00      0.00000
      6750.00      0.00000
      6760.00      0.00000
      6770.00      0.00000
      6780.00      0.00000
      6790.00      0.00000
      6800.00      0.00000
      6810.00      0.00000
      6820.00      0.00000
      6830.00      0.00000
      6840.00      0.00000
      6850.00      0.00000
      6860.00      0.00000
      6870.00      0.00000
      6880.00      0.00000
      6890.00      0.00000
      6900.00      0.00000
      6910.00      0.00000
      6920.00      0.00000
      6930.00      0.00000
      6940.00      0.00000
      6950.00      0.00000
      6960.00      0.00000
      6970.00      0.00000
      6980.00      0.00000
      6990.00      0.00000
      7000.00      0.00000
      7010.00      0.00000
      7020.00      0.00000
      7030.00      0.00000
      7040.00      0.00000
      7050.00      0.00000
      7060.00      0.00000
      7070.00      0.00000
      7080.00      0.00000
      7090.00      0.00000
      7100.00      0.00000
      7110.00      0.00000
      7120.00      0.00000
      7130.00      0.00000
      7140.00      0.00000
      7150.00      0.00000
      7160.00      0.00000
      7170.00      0.00000
      7180.00      0.00000
      7190.00      0.00000
      7200.00      0.00000
      7210.00  9.71860e-06
      7220.00      0.00000
      7230.00      0.00000
      7240.00      0.00000
      7250.00      0.00000
      7260.00      0.00000
      7270.00      0.00000
      7280.00      0.00000
      7290.00      0.00000
      7300.00      0.00000
      7310.00      0.00000
      7320.00      0.00000
      7330.00      0.00000
      7340.00      0.00000
      7350.00      0.00000
      7360.00      0.00000
      7370.00      0.00000
      7380.00      0.00000
      7390.00      0.00000
      7400.00  9.74838e-06
      7410.00  9.74943e-06
      7420.00  9.75047e-06
      7430.00  9.75255e-06
      7440.00      0.00000
      7450.00      0.00000
      7460.00      0.00000
      7470.00      0.00000
      7480.00      0.00000
      7490.00      0.00000
      7500.00      0.00000
      7510.00      0.00000
      7520.00  9.75670e-06
      7530.00  9.75670e-06
      7540.00  9.75773e-06
      7550.00  9.75773e-06
      7560.00  9.75773e-06
      7570.00  9.75773e-06
      7580.00  9.75670e-06
      7590.00  9.70329e-06
      7600.00      0.00000
      7610.00      0.00000
      7620.00      0.00000
      7630.00      0.00000
      7640.00      0.00000
      7650.00  9.51642e-06
      7660.00  9.63416e-06
      7670.00  9.68881e-06
      7680.00  9.72185e-06
      7690.00  9.74315e-06
      7700.00  9.75463e-06
      7710.00  9.75979e-06
      7720.00  9.76082e-06
      7730.00  9.76185e-06
      7740.00  9.76185e-06
      7750.00  9.76288e-06
      7760.00  9.76288e-06
      7770.00  9.76288e-06
      7780.00  9.76288e-06
      7790.00  9.76288e-06
      7800.00  9.76288e-06
      7810.00  9.76390e-06
      7820.00  9.76390e-06
      7830.00  9.76390e-06
      7840.00  9.76390e-06
      7850.00  9.76288e-06
      7860.00  9.76185e-06
      7870.00  9.75979e-06
      7880.00  9.75773e-06
      7890.00  9.75359e-06
      7900.00  9.75255e-06
      7910.00  9.75359e-06
      7920.00  1.95093e-05
      7930.00  1.95134e-05
      7940.00  1.95216e-05
      7950.00  1.95175e-05
      7960.00  1.95030e-05
      7970.00  1.95072e-05
      7980.00  1.95175e-05
      7990.00  1.95155e-05
      8000.00  1.95093e-05
      8010.00  1.95093e-05
      8020.00  1.95093e-05
      8030.00  1.95113e-05
      8040.00  1.95134e-05
      8050.00  1.95196e-05
      8060.00  1.95237e-05
      8070.00  1.95237e-05
      8080.00  1.95216e-05
      8090.00  1.95196e-05
      8100.00  1.95175e-05
      8110.00  1.95113e-05
      8120.00  1.95051e-05
      8130.00  1.94947e-05
      8140.00  1.94842e-05
      8150.00  1.94694e-05
      8160.00  1.94502e-05
      8170.00  1.94502e-05
      8180.00  1.94523e-05
      8190.00  1.94587e-05
      8200.00  1.94800e-05
      8210.00  1.95051e-05
      8220.00  1.94863e-05
      8230.00  1.94350e-05
      8240.00  1.94800e-05
      8250.00  1.95072e-05
      8260.00  1.95030e-05
      8270.00  1.94989e-05
      8280.00  1.94800e-05
      8290.00  1.94884e-05
      8300.00  1.94947e-05
      8310.00  1.94968e-05
      8320.00  1.94968e-05
      8330.00  1.95009e-05
      8340.00  1.95072e-05
      8350.00  1.95155e-05
      8360.00  1.95134e-05
      8370.00  1.95134e-05
      8380.00  1.95175e-05
      8390.00  1.95216e-05
      8400.00  1.95216e-05
      8410.00  1.95196e-05
      8420.00  2.92825e-05
      8430.00  2.92917e-05
      8440.00  2.92978e-05
      8450.00  2.93009e-05
      8460.00  2.93009e-05
      8470.00  3.90720e-05
      8480.00  3.90679e-05
      8490.00  3.90679e-05
      8500.00  3.90679e-05
      8510.00  4.88297e-05
      8520.00  4.88297e-05
      8530.00  5.86018e-05
      8540.00  5.86018e-05
      8550.00  5.86079e-05
      8560.00  6.83831e-05
      8570.00  6.83902e-05
      8580.00  7.81602e-05
      8590.00  7.81683e-05
      8600.00  8.79394e-05
      8610.00  8.79394e-05
      8620.00  9.77206e-05
      8630.00  9.77206e-05
      8640.00  0.000107493
      8650.00  0.000107493
      8660.00  0.000117265
      8670.00  0.000127037
      8680.00  0.000127037
      8690.00  0.000136809
      8700.00  0.000136809
      8710.00  0.000146596
      8720.00  0.000146596
      8730.00  0.000156369
      8740.00  0.000156369
      8750.00  0.000166142
      8760.00  0.000175915
      8770.00  0.000175915
      8780.00  0.000185669
      8790.00  0.000185669
      8800.00  0.000195441
      8810.00  0.000214985
      8820.00  0.000224757
      8830.00  0.000234529
      8840.00  0.000244301
      8850.00  0.000263818
      8860.00  0.000273561
      8870.00  0.000283360
      8880.00  0.000293131
      8890.00  0.000293162
      8900.00  0.000293131
      8910.00  0.000283331
      8920.00  0.000283242
      8930.00  0.000273274
      8940.00  0.000273159
      8950.00  0.000263065
      8960.00  0.000253019
      8970.00  0.000242965
      8980.00  0.000242829
      8990.00  0.000232693
      9000.00  0.000232773
      9010.00  0.000232666
      9020.00  0.000232666
      9030.00  0.000243100
      9040.00  0.000253267
      9050.00  0.000253240
      9060.00  0.000252963
      9070.00  0.000252486
      9080.00  0.000252142
      9090.00  0.000252142
      9100.00  0.000252199
      9110.00  0.000262137
      9120.00  0.000262019
      9130.00  0.000251850
      9140.00  0.000252084
      9150.00  0.000252286
      9160.00  0.000262019
      9170.00  0.000262137
      9180.00  0.000262255
      9190.00  0.000262693
      9200.00  0.000272779
      9210.00  0.000272690
      9220.00  0.000272690
      9230.00  0.000272601
      9240.00  0.000262635
      9250.00  0.000262635
      9260.00  0.000262635
      9270.00  0.000262373
      9280.00  0.000261989
      9290.00  0.000242022
      9300.00  0.000231592
      9310.00  0.000221109
      9320.00  0.000200784
      9330.00  0.000180812
      9340.00  0.000160898
      9350.00  0.000160796
      9360.00  0.000161173
      9370.00  0.000161074
      9380.00  0.000171569
      9390.00  0.000202643
      9400.00  0.000202962
      9410.00  0.000193040
      9420.00  0.000182749
      9430.00  0.000162427
      9440.00  0.000162336
      9450.00  0.000162762
      9460.00  0.000162784
      9470.00  0.000163131
      9480.00  0.000172930
      9490.00  0.000163281
      9500.00  0.000163344
      9510.00  0.000173393
      9520.00  0.000163302
      9530.00  0.000173241
      9540.00  0.000173587
      9550.00  0.000173284
      9560.00  0.000173219
      9570.00  0.000183742
      9580.00  0.000183829
      9590.00  0.000183698
      9600.00  0.000183654
      9610.00  0.000183566
      9620.00  0.000183632
      9630.00  0.000193776
      9640.00  0.000193843
      9650.00  0.000193799
      9660.00  0.000193821
      9670.00  0.000194154
      9680.00  0.000204406
      9690.00  0.000204628
      9700.00  0.000204650
      9710.00  0.000204650
      9720.00  0.000204584
      9730.00  0.000204429
      9740.00  0.000204227
      9750.00  0.000194394
      9760.00  0.000204272
      9770.00  0.000204518
      9780.00  0.000204495
      9790.00  0.000204562
      9800.00  0.000204804
      9810.00  0.000204847
      9820.00  0.000204804
      9830.00  0.000204912
      9840.00  0.000205042
      9850.00  0.000205106
      9860.00  0.000214985
      9870.00  0.000215008
      9880.00  0.000215030
      9890.00  0.000215030
      9900.00  0.000215052
      9910.00  0.000205298
      9920.00  0.000205319
      9930.00  0.000205319
      9940.00  0.000205341
      9950.00  0.000205362
      9960.00  0.000195583
      9970.00  0.000195583
      9980.00  0.000195562
      9990.00  0.000195562
      10000.0  0.000185784
      10010.0  0.000185765
      10020.0  0.000185708
      10030.0  0.000185727
      10040.0  0.000175970
      10050.0  0.000175988
      10060.0  0.000175988
      10070.0  0.000175988
      10080.0  0.000166177
      10090.0  0.000166125
      10100.0  0.000166142
      10110.0  0.000166194
      10120.0  0.000156434
      10130.0  0.000156450
      10140.0  0.000156450
      10150.0  0.000146687
      10160.0  0.000146687
      10170.0  0.000146687
      10180.0  0.000136908
      10190.0  0.000136894
      10200.0  0.000136894
      10210.0  0.000127129
      10220.0  0.000127116
      10230.0  0.000117325
      10240.0  0.000117313
      10250.0  0.000117337
      10260.0  0.000107570
      10270.0  0.000107570
      10280.0  9.77913e-05
      10290.0  9.78013e-05
      10300.0  9.78013e-05
      10310.0  8.80302e-05
      10320.0  8.80302e-05
      10330.0  8.80302e-05
      10340.0  7.82491e-05
      10350.0  7.82491e-05
      10360.0  7.82491e-05
      10370.0  6.84680e-05
      10380.0  6.84680e-05
      10390.0  6.84680e-05
      10400.0  5.86868e-05
      10410.0  5.86868e-05
      10420.0  5.86868e-05
      10430.0  5.86868e-05
      10440.0  5.86868e-05
      10450.0  5.86808e-05
      10460.0  5.86808e-05
      10470.0  4.89007e-05
      10480.0  4.88956e-05
      10490.0  4.88956e-05
      10500.0  4.88956e-05
      10510.0  4.88906e-05
      10520.0  4.88906e-05
      10530.0  4.88906e-05
      10540.0  4.88856e-05
      10550.0  4.88856e-05
      10560.0  4.88805e-05
      10570.0  4.88805e-05
      10580.0  4.88704e-05
      10590.0  3.90963e-05
      10600.0  3.91004e-05
      10610.0  3.90963e-05
      10620.0  3.90923e-05
      10630.0  3.90923e-05
      10640.0  3.90882e-05
      10650.0  3.90842e-05
      10660.0  3.90842e-05
      10670.0  3.90842e-05
      10680.0  3.90760e-05
      10690.0  3.90760e-05
      10700.0  3.90801e-05
      10710.0  3.90760e-05
      10720.0  3.90760e-05
      10730.0  3.90760e-05
      10740.0  2.93070e-05
      10750.0  2.93131e-05
      10760.0  2.93101e-05
      10770.0  2.93070e-05
      10780.0  2.93040e-05
      10790.0  2.93040e-05
      10800.0  2.92917e-05
      10810.0  2.92917e-05
      10820.0  2.92978e-05
      10830.0  2.92917e-05
      10840.0  2.92855e-05
      10850.0  2.92701e-05
      10860.0  2.92732e-05
      10870.0  2.92917e-05
      10880.0  2.92948e-05
      10890.0  2.92732e-05
      10900.0  2.92670e-05
      10910.0  2.92732e-05
      10920.0  2.92608e-05
      10930.0  2.92357e-05
      10940.0  2.92263e-05
      10950.0  2.92294e-05
      10960.0  2.92294e-05
      10970.0  2.92263e-05
      10980.0  1.94415e-05
      10990.0      0.00000
      11000.0      0.00000
