# DECam system throughput, from DECaLS wiki, 
# source: DECamFilters-14apr18.xslx
# airmass:       1.40000
# y band

      3000.00      0.00000
      3010.00      0.00000
      3020.00      0.00000
      3030.00      0.00000
      3040.00      0.00000
      3050.00      0.00000
      3060.00      0.00000
      3070.00      0.00000
      3080.00      0.00000
      3090.00      0.00000
      3100.00      0.00000
      3110.00      0.00000
      3120.00      0.00000
      3130.00      0.00000
      3140.00      0.00000
      3150.00      0.00000
      3160.00      0.00000
      3170.00      0.00000
      3180.00      0.00000
      3190.00      0.00000
      3200.00      0.00000
      3210.00      0.00000
      3220.00      0.00000
      3230.00      0.00000
      3240.00      0.00000
      3250.00      0.00000
      3260.00      0.00000
      3270.00      0.00000
      3280.00      0.00000
      3290.00      0.00000
      3300.00      0.00000
      3310.00      0.00000
      3320.00      0.00000
      3330.00      0.00000
      3340.00  4.57820e-05
      3350.00  5.51208e-05
      3360.00  6.43816e-05
      3370.00  7.35453e-05
      3380.00  8.28515e-05
      3390.00  8.29811e-05
      3400.00  9.21808e-05
      3410.00  0.000101533
      3420.00  0.000110883
      3430.00  0.000101686
      3440.00  9.24617e-05
      3450.00  8.33212e-05
      3460.00  7.41250e-05
      3470.00  6.48996e-05
      3480.00  5.56624e-05
      3490.00  4.64230e-05
      3500.00  3.71608e-05
      3510.00  1.85915e-05
      3520.00  9.29946e-06
      3530.00  1.86099e-05
      3540.00  2.79312e-05
      3550.00  3.72633e-05
      3560.00  3.72849e-05
      3570.00  4.66239e-05
      3580.00  5.59806e-05
      3590.00  6.53354e-05
      3600.00  7.47112e-05
      3610.00  8.40971e-05
      3620.00  8.41438e-05
      3630.00  9.35447e-05
      3640.00  9.35959e-05
      3650.00  0.000103012
      3660.00  0.000112437
      3670.00  0.000112477
      3680.00  0.000121915
      3690.00  0.000131363
      3700.00  0.000131409
      3710.00  0.000140869
      3720.00  0.000131524
      3730.00  0.000112793
      3740.00  0.000103429
      3750.00  9.40585e-05
      3760.00  7.52852e-05
      3770.00  6.58968e-05
      3780.00  4.70850e-05
      3790.00  3.76806e-05
      3800.00  1.88466e-05
      3810.00  9.42800e-06
      3820.00  9.43266e-06
      3830.00  9.43576e-06
      3840.00  9.44038e-06
      3850.00  9.44344e-06
      3860.00  9.44649e-06
      3870.00  9.44953e-06
      3880.00  9.45407e-06
      3890.00  9.45709e-06
      3900.00  9.46009e-06
      3910.00  9.46308e-06
      3920.00  1.89321e-05
      3930.00  3.78761e-05
      3940.00  5.68318e-05
      3950.00  7.57993e-05
      3960.00  9.47785e-05
      3970.00  0.000113769
      3980.00  0.000132772
      3990.00  0.000151785
      4000.00  0.000170811
      4010.00  0.000170862
      4020.00  0.000170914
      4030.00  0.000180464
      4040.00  0.000180518
      4050.00  0.000190075
      4060.00  0.000190132
      4070.00  0.000199698
      4080.00  0.000199757
      4090.00  0.000209300
      4100.00  0.000218878
      4110.00  0.000228461
      4120.00  0.000238050
      4130.00  0.000247643
      4140.00  0.000257205
      4150.00  0.000266808
      4160.00  0.000285948
      4170.00  0.000295522
      4180.00  0.000305143
      4190.00  0.000314768
      4200.00  0.000324353
      4210.00  0.000333987
      4220.00  0.000343626
      4230.00  0.000343675
      4240.00  0.000353320
      4250.00  0.000353370
      4260.00  0.000363022
      4270.00  0.000363072
      4280.00  0.000372730
      4290.00  0.000372782
      4300.00  0.000344202
      4310.00  0.000315562
      4320.00  0.000286953
      4330.00  0.000258293
      4340.00  0.000229657
      4350.00  0.000200977
      4360.00  0.000162718
      4370.00  0.000134039
      4380.00  0.000105331
      4390.00  7.66249e-05
      4400.00  4.78970e-05
      4410.00  4.79034e-05
      4420.00  4.79098e-05
      4430.00  5.75072e-05
      4440.00  5.75149e-05
      4450.00  6.71096e-05
      4460.00  6.71185e-05
      4470.00  6.71364e-05
      4480.00  7.67374e-05
      4490.00  7.67475e-05
      4500.00  8.63637e-05
      4510.00  7.67778e-05
      4520.00  6.71894e-05
      4530.00  6.71982e-05
      4540.00  5.76135e-05
      4550.00  5.76210e-05
      4560.00  4.80238e-05
      4570.00  4.80300e-05
      4580.00  3.84290e-05
      4590.00  3.84340e-05
      4600.00  3.84389e-05
      4610.00  4.80549e-05
      4620.00  4.80610e-05
      4630.00  4.80672e-05
      4640.00  5.76881e-05
      4650.00  5.76955e-05
      4660.00  6.73200e-05
      4670.00  6.73371e-05
      4680.00  7.69665e-05
      4690.00  7.69665e-05
      4700.00  8.65984e-05
      4710.00  8.66093e-05
      4720.00  9.62448e-05
      4730.00  9.62448e-05
      4740.00  9.62448e-05
      4750.00  0.000105883
      4760.00  0.000105883
      4770.00  0.000115508
      4780.00  0.000115523
      4790.00  0.000115537
      4800.00  0.000125197
      4810.00  0.000125213
      4820.00  0.000144494
      4830.00  0.000163781
      4840.00  0.000183095
      4850.00  0.000192731
      4860.00  0.000212031
      4870.00  0.000231335
      4880.00  0.000250644
      4890.00  0.000269958
      4900.00  0.000279634
      4910.00  0.000298956
      4920.00  0.000318282
      4930.00  0.000327927
      4940.00  0.000347260
      4950.00  0.000366597
      4960.00  0.000385891
      4970.00  0.000395587
      4980.00  0.000414884
      4990.00  0.000434181
      5000.00  0.000405285
      5010.00  0.000376336
      5020.00  0.000357037
      5030.00  0.000328128
      5040.00  0.000308827
      5050.00  0.000279874
      5060.00  0.000250952
      5070.00  0.000231676
      5080.00  0.000202717
      5090.00  0.000173778
      5100.00  0.000154488
      5110.00  0.000164164
      5120.00  0.000173821
      5130.00  0.000183500
      5140.00  0.000202815
      5150.00  0.000212499
      5160.00  0.000222185
      5170.00  0.000231845
      5180.00  0.000241505
      5190.00  0.000260825
      5200.00  0.000270518
      5210.00  0.000347809
      5220.00  0.000425100
      5230.00  0.000502451
      5240.00  0.000579752
      5250.00  0.000657052
      5260.00  0.000734352
      5270.00  0.000801990
      5280.00  0.000879290
      5290.00  0.000956590
      5300.00  0.000888953
      5310.00  0.000811652
      5320.00  0.000744104
      5330.00  0.000666795
      5340.00  0.000589485
      5350.00  0.000521902
      5360.00  0.000444583
      5370.00  0.000376974
      5380.00  0.000299646
      5390.00  0.000222345
      5400.00  0.000154675
      5410.00  0.000232012
      5420.00  0.000309386
      5430.00  0.000386733
      5440.00  0.000464079
      5450.00  0.000541490
      5460.00  0.000618846
      5470.00  0.000705871
      5480.00  0.000783227
      5490.00  0.000860583
      5500.00  0.000938050
      5510.00  0.000918709
      5520.00  0.000899367
      5530.00  0.000880026
      5540.00  0.000860685
      5550.00  0.000831673
      5560.00  0.000812332
      5570.00  0.000792991
      5580.00  0.000773649
      5590.00  0.000754308
      5600.00  0.000725210
      5610.00  0.000686532
      5620.00  0.000638185
      5630.00  0.000589837
      5640.00  0.000541490
      5650.00  0.000493084
      5660.00  0.000444742
      5670.00  0.000406069
      5680.00  0.000357642
      5690.00  0.000309201
      5700.00  0.000260888
      5710.00  0.000212627
      5720.00  0.000231873
      5730.00  0.000251226
      5740.00  0.000270551
      5750.00  0.000280180
      5760.00  0.000299538
      5770.00  0.000318902
      5780.00  0.000338270
      5790.00  0.000357642
      5800.00  0.000377064
      5810.00  0.000435178
      5820.00  0.000483646
      5830.00  0.000541747
      5840.00  0.000590187
      5850.00  0.000648315
      5860.00  0.000696779
      5870.00  0.000754755
      5880.00  0.000802852
      5890.00  0.000840942
      5900.00  0.000898938
      5910.00  0.000851115
      5920.00  0.000792896
      5930.00  0.000744991
      5940.00  0.000696532
      5950.00  0.000638261
      5960.00  0.000590257
      5970.00  0.000541747
      5980.00  0.000483817
      5990.00  0.000435487
      6000.00  0.000387145
      6010.00  0.000329112
      6020.00  0.000309752
      6030.00  0.000290427
      6040.00  0.000261415
      6050.00  0.000242079
      6060.00  0.000222713
      6070.00  0.000193686
      6080.00  0.000174338
      6090.00  0.000154967
      6100.00  0.000125925
      6110.00  0.000145315
      6120.00  0.000164691
      6130.00  0.000184087
      6140.00  0.000203489
      6150.00  0.000213178
      6160.00  0.000232585
      6170.00  0.000251967
      6180.00  0.000271381
      6190.00  0.000290765
      6200.00  0.000300492
      6210.00  0.000310185
      6220.00  0.000310185
      6230.00  0.000310221
      6240.00  0.000310221
      6250.00  0.000310221
      6260.00  0.000310221
      6270.00  0.000310149
      6280.00  0.000299718
      6290.00  0.000309897
      6300.00  0.000309934
      6310.00  0.000339148
      6320.00  0.000377995
      6330.00  0.000407259
      6340.00  0.000446148
      6350.00  0.000475299
      6360.00  0.000514216
      6370.00  0.000543384
      6380.00  0.000582330
      6390.00  0.000611515
      6400.00  0.000650489
      6410.00  0.000640853
      6420.00  0.000640925
      6430.00  0.000640925
      6440.00  0.000640997
      6450.00  0.000640997
      6460.00  0.000631071
      6470.00  0.000630929
      6480.00  0.000621081
      6490.00  0.000621292
      6500.00  0.000621643
      6510.00  0.000621712
      6520.00  0.000621433
      6530.00  0.000621782
      6540.00  0.000621782
      6550.00  0.000611998
      6560.00  0.000612067
      6570.00  0.000612135
      6580.00  0.000612272
      6590.00  0.000612408
      6600.00  0.000593033
      6610.00  0.000563992
      6620.00  0.000544604
      6630.00  0.000515429
      6640.00  0.000496034
      6650.00  0.000466855
      6660.00  0.000447452
      6670.00  0.000418317
      6680.00  0.000398860
      6690.00  0.000369716
      6700.00  0.000379487
      6710.00  0.000389217
      6720.00  0.000389260
      6730.00  0.000398991
      6740.00  0.000399035
      6750.00  0.000408768
      6760.00  0.000408812
      6770.00  0.000418546
      6780.00  0.000428326
      6790.00  0.000428326
      6800.00  0.000438109
      6810.00  0.000428373
      6820.00  0.000418637
      6830.00  0.000408946
      6840.00  0.000399209
      6850.00  0.000399209
      6860.00  0.000389388
      6870.00  0.000327356
      6880.00  0.000328526
      6890.00  0.000318555
      6900.00  0.000319130
      6910.00  0.000310257
      6920.00  0.000291329
      6930.00  0.000272030
      6940.00  0.000252571
      6950.00  0.000233298
      6960.00  0.000204204
      6970.00  0.000184979
      6980.00  0.000165472
      6990.00  0.000136136
      7000.00  0.000155618
      7010.00  0.000165308
      7020.00  0.000184797
      7030.00  0.000194694
      7040.00  0.000214187
      7050.00  0.000223824
      7060.00  0.000243314
      7070.00  0.000253102
      7080.00  0.000272601
      7090.00  0.000292168
      7100.00  0.000301808
      7110.00  0.000301907
      7120.00  0.000292263
      7130.00  0.000292200
      7140.00  0.000282429
      7150.00  0.000282368
      7160.00  0.000272542
      7170.00  0.000262196
      7180.00  0.000252142
      7190.00  0.000251996
      7200.00  0.000242107
      7210.00  0.000252684
      7220.00  0.000262722
      7230.00  0.000252824
      7240.00  0.000252343
      7250.00  0.000252429
      7260.00  0.000252400
      7270.00  0.000252486
      7280.00  0.000252400
      7290.00  0.000252599
      7300.00  0.000252571
      7310.00  0.000252514
      7320.00  0.000262577
      7330.00  0.000262865
      7340.00  0.000263008
      7350.00  0.000262980
      7360.00  0.000262894
      7370.00  0.000262951
      7380.00  0.000263065
      7390.00  0.000263093
      7400.00  0.000253458
      7410.00  0.000243736
      7420.00  0.000234011
      7430.00  0.000214556
      7440.00  0.000204825
      7450.00  0.000195093
      7460.00  0.000185338
      7470.00  0.000165829
      7480.00  0.000156091
      7490.00  0.000146335
      7500.00  0.000126824
      7510.00  0.000117080
      7520.00  0.000107324
      7530.00  9.75670e-05
      7540.00  7.80618e-05
      7550.00  6.83041e-05
      7560.00  5.85464e-05
      7570.00  3.90309e-05
      7580.00  2.92701e-05
      7590.00  1.94066e-05
      7600.00  9.12706e-06
      7610.00  9.04445e-06
      7620.00  9.45709e-06
      7630.00  9.34931e-06
      7640.00  9.40425e-06
      7650.00  9.51642e-06
      7660.00  9.63416e-06
      7670.00  9.68881e-06
      7680.00  9.72185e-06
      7690.00  9.74315e-06
      7700.00  9.75463e-06
      7710.00  9.75979e-06
      7720.00  9.76082e-06
      7730.00  9.76185e-06
      7740.00  9.76185e-06
      7750.00  9.76288e-06
      7760.00  9.76288e-06
      7770.00  9.76288e-06
      7780.00  9.76288e-06
      7790.00  9.76288e-06
      7800.00  9.76288e-06
      7810.00  9.76390e-06
      7820.00  9.76390e-06
      7830.00  9.76390e-06
      7840.00  9.76390e-06
      7850.00  9.76288e-06
      7860.00  9.76185e-06
      7870.00  9.75979e-06
      7880.00  9.75773e-06
      7890.00  9.75359e-06
      7900.00  9.75255e-06
      7910.00  9.75359e-06
      7920.00  9.75463e-06
      7930.00  1.95134e-05
      7940.00  1.95216e-05
      7950.00  1.95175e-05
      7960.00  1.95030e-05
      7970.00  1.95072e-05
      7980.00  1.95175e-05
      7990.00  1.95155e-05
      8000.00  2.92639e-05
      8010.00  2.92639e-05
      8020.00  2.92639e-05
      8030.00  3.90226e-05
      8040.00  3.90268e-05
      8050.00  3.90392e-05
      8060.00  3.90474e-05
      8070.00  3.90474e-05
      8080.00  3.90433e-05
      8090.00  3.90392e-05
      8100.00  4.87938e-05
      8110.00  4.87783e-05
      8120.00  4.87628e-05
      8130.00  4.87367e-05
      8140.00  4.87105e-05
      8150.00  4.86735e-05
      8160.00  3.89003e-05
      8170.00  4.86254e-05
      8180.00  4.86307e-05
      8190.00  4.86468e-05
      8200.00  3.89599e-05
      8210.00  3.90102e-05
      8220.00  3.89726e-05
      8230.00  2.91526e-05
      8240.00  2.92200e-05
      8250.00  2.92608e-05
      8260.00  2.92545e-05
      8270.00  1.94989e-05
      8280.00  1.94800e-05
      8290.00  1.94884e-05
      8300.00  9.74734e-06
      8310.00  9.74838e-06
      8320.00  9.74838e-06
      8330.00  9.75047e-06
      8340.00  9.75359e-06
      8350.00  9.75773e-06
      8360.00  9.75670e-06
      8370.00  9.75670e-06
      8380.00  9.75876e-06
      8390.00  9.76082e-06
      8400.00  9.76082e-06
      8410.00  1.95196e-05
      8420.00  1.95216e-05
      8430.00  1.95278e-05
      8440.00  2.92978e-05
      8450.00  2.93009e-05
      8460.00  3.90679e-05
      8470.00  3.90720e-05
      8480.00  4.88348e-05
      8490.00  4.88348e-05
      8500.00  5.86018e-05
      8510.00  5.85957e-05
      8520.00  4.88297e-05
      8530.00  4.88348e-05
      8540.00  3.90679e-05
      8550.00  3.90720e-05
      8560.00  2.93070e-05
      8570.00  2.93101e-05
      8580.00  1.95401e-05
      8590.00  1.95421e-05
      8600.00  9.77104e-06
      8610.00  9.77104e-06
      8620.00  1.95441e-05
      8630.00  3.90882e-05
      8640.00  5.86323e-05
      8650.00  6.84044e-05
      8660.00  8.79485e-05
      8670.00  0.000107493
      8680.00  0.000127037
      8690.00  0.000136809
      8700.00  0.000156353
      8710.00  0.000166142
      8720.00  0.000185688
      8730.00  0.000195461
      8740.00  0.000215008
      8750.00  0.000234554
      8760.00  0.000244327
      8770.00  0.000263873
      8780.00  0.000273618
      8790.00  0.000293162
      8800.00  0.000302934
      8810.00  0.000322478
      8820.00  0.000342022
      8830.00  0.000361566
      8840.00  0.000371338
      8850.00  0.000390842
      8860.00  0.000410341
      8870.00  0.000429926
      8880.00  0.000449468
      8890.00  0.000459287
      8900.00  0.000459239
      8910.00  0.000468961
      8920.00  0.000478581
      8930.00  0.000478230
      8940.00  0.000478027
      8950.00  0.000477414
      8960.00  0.000476843
      8970.00  0.000476211
      8980.00  0.000485658
      8990.00  0.000475081
      9000.00  0.000484943
      9010.00  0.000494415
      9020.00  0.000542887
      9030.00  0.000612612
      9040.00  0.000681873
      9050.00  0.000730499
      9060.00  0.000768620
      9070.00  0.000796300
      9080.00  0.000824309
      9090.00  0.000872797
      9100.00  0.000989397
      9110.00  0.000980588
      9120.00   0.00115482
      9130.00   0.00128831
      9140.00   0.00108590
      9150.00  0.000873296
      9160.00   0.00103837
      9170.00   0.00120389
      9180.00   0.00144726
      9190.00   0.00172210
      9200.00   0.00184126
      9210.00   0.00189909
      9220.00   0.00218152
      9230.00   0.00245341
      9240.00   0.00248044
      9250.00   0.00253881
      9260.00   0.00271390
      9270.00   0.00284723
      9280.00   0.00300802
      9290.00   0.00313661
      9300.00   0.00323263
      9310.00   0.00320128
      9320.00   0.00328904
      9330.00   0.00338785
      9340.00   0.00352082
      9350.00   0.00386856
      9360.00   0.00451285
      9370.00   0.00497433
      9380.00   0.00899785
      9390.00   0.00896453
      9400.00    0.0106603
      9410.00    0.0119299
      9420.00    0.0147738
      9430.00    0.0165676
      9440.00    0.0236534
      9450.00    0.0320162
      9460.00    0.0318865
      9470.00    0.0665480
      9480.00    0.0681058
      9490.00     0.132219
      9500.00     0.143157
      9510.00     0.214044
      9520.00     0.257623
      9530.00     0.317887
      9540.00     0.350607
      9550.00     0.365283
      9560.00     0.369158
      9570.00     0.401630
      9580.00     0.403746
      9590.00     0.399185
      9600.00     0.392314
      9610.00     0.393730
      9620.00     0.394712
      9630.00     0.407579
      9640.00     0.406800
      9650.00     0.402723
      9660.00     0.403322
      9670.00     0.411732
      9680.00     0.425944
      9690.00     0.430996
      9700.00     0.430165
      9710.00     0.428693
      9720.00     0.425291
      9730.00     0.419332
      9740.00     0.412139
      9750.00     0.407527
      9760.00     0.411462
      9770.00     0.405237
      9780.00     0.401678
      9790.00     0.400561
      9800.00     0.404224
      9810.00     0.404368
      9820.00     0.398733
      9830.00     0.397227
      9840.00     0.396834
      9850.00     0.394644
      9860.00     0.393902
      9870.00     0.390845
      9880.00     0.382333
      9890.00     0.380661
      9900.00     0.377563
      9910.00     0.372088
      9920.00     0.367004
      9930.00     0.361372
      9940.00     0.357840
      9950.00     0.354288
      9960.00     0.348597
      9970.00     0.342905
      9980.00     0.337062
      9990.00     0.331703
      10000.0     0.325582
      10010.0     0.319008
      10020.0     0.312155
      10030.0     0.307133
      10040.0     0.301016
      10050.0     0.294888
      10060.0     0.288796
      10070.0     0.282695
      10080.0     0.270858
      10090.0     0.267080
      10100.0     0.266199
      10110.0     0.255596
      10120.0     0.249786
      10130.0     0.243954
      10140.0     0.237608
      10150.0     0.231599
      10160.0     0.225282
      10170.0     0.218974
      10180.0     0.212354
      10190.0     0.205429
      10200.0     0.199102
      10210.0     0.193050
      10220.0     0.186420
      10230.0     0.179821
      10240.0     0.173125
      10250.0     0.167186
      10260.0     0.161659
      10270.0     0.155889
      10280.0     0.150735
      10290.0     0.145792
      10300.0     0.139778
      10310.0     0.133953
      10320.0     0.128172
      10330.0     0.122401
      10340.0     0.115858
      10350.0     0.109314
      10360.0     0.102487
      10370.0    0.0956693
      10380.0    0.0923633
      10390.0    0.0890572
      10400.0    0.0858295
      10410.0    0.0825919
      10420.0    0.0803129
      10430.0    0.0780339
      10440.0    0.0755984
      10450.0    0.0730576
      10460.0    0.0707788
      10470.0    0.0685000
      10480.0    0.0663220
      10490.0    0.0642391
      10500.0    0.0619117
      10510.0    0.0594901
      10520.0    0.0551877
      10530.0    0.0528801
      10540.0    0.0504010
      10550.0    0.0480056
      10560.0    0.0455469
      10570.0    0.0431517
      10580.0    0.0406504
      10590.0    0.0382655
      10600.0    0.0359235
      10610.0    0.0334860
      10620.0    0.0310588
      10630.0    0.0286742
      10640.0    0.0262575
      10650.0    0.0238413
      10660.0    0.0214670
      10670.0    0.0190926
      10680.0    0.0166757
      10690.0    0.0143018
      10700.0    0.0119585
      10710.0   0.00957363
      10720.0   0.00719976
      10730.0   0.00425929
      10740.0   0.00111367
      10750.0  0.000166108
      10760.0  0.000908612
      10770.0  0.000146535
      10780.0  0.000107448
      10790.0  7.81439e-05
      10800.0  0.000234334
      10810.0  0.000214806
      10820.0  0.000429702
      10830.0  0.000644417
      10840.0  2.92855e-05
      10850.0      0.00000
      10860.0  0.000282974
      10870.0  8.78751e-05
      10880.0  4.88246e-05
      10890.0  9.75773e-06
      10900.0  0.000282914
      10910.0  0.000712314
      10920.0   0.00101437
      10930.0   0.00130586
      10940.0  0.000691689
      10950.0  8.76883e-05
      10960.0  0.000107175
      10970.0  1.94842e-05
      10980.0  3.88831e-05
      10990.0  6.79075e-05
      11000.0      0.00000
