# DECam system throughput, from DECaLS wiki, 
# source: DECamFilters-14apr18.xslx
# airmass:       1.40000
# i band

      3000.00      0.00000
      3010.00      0.00000
      3020.00      0.00000
      3030.00      0.00000
      3040.00      0.00000
      3050.00      0.00000
      3060.00      0.00000
      3070.00      0.00000
      3080.00      0.00000
      3090.00      0.00000
      3100.00      0.00000
      3110.00      0.00000
      3120.00      0.00000
      3130.00      0.00000
      3140.00      0.00000
      3150.00      0.00000
      3160.00      0.00000
      3170.00      0.00000
      3180.00      0.00000
      3190.00      0.00000
      3200.00      0.00000
      3210.00      0.00000
      3220.00      0.00000
      3230.00      0.00000
      3240.00      0.00000
      3250.00      0.00000
      3260.00      0.00000
      3270.00      0.00000
      3280.00      0.00000
      3290.00      0.00000
      3300.00      0.00000
      3310.00      0.00000
      3320.00      0.00000
      3330.00      0.00000
      3340.00  0.000100720
      3350.00  0.000101055
      3360.00  9.19737e-05
      3370.00  9.19316e-05
      3380.00  8.28515e-05
      3390.00  8.29811e-05
      3400.00  7.37447e-05
      3410.00  7.38420e-05
      3420.00  6.46817e-05
      3430.00  6.47094e-05
      3440.00  5.54770e-05
      3450.00  5.55474e-05
      3460.00  5.55938e-05
      3470.00  4.63569e-05
      3480.00  4.63854e-05
      3490.00  3.71384e-05
      3500.00  3.71608e-05
      3510.00  2.78873e-05
      3520.00  2.78984e-05
      3530.00  2.79149e-05
      3540.00  2.79312e-05
      3550.00  2.79475e-05
      3560.00  2.79636e-05
      3570.00  2.79744e-05
      3580.00  2.79903e-05
      3590.00  2.80009e-05
      3600.00  2.80167e-05
      3610.00  2.80324e-05
      3620.00  2.80479e-05
      3630.00  2.80634e-05
      3640.00  1.87192e-05
      3650.00  1.87294e-05
      3660.00  1.87395e-05
      3670.00  9.37309e-06
      3680.00  9.37809e-06
      3690.00  9.38306e-06
      3700.00      0.00000
      3710.00      0.00000
      3720.00      0.00000
      3730.00      0.00000
      3740.00      0.00000
      3750.00      0.00000
      3760.00  9.41065e-06
      3770.00  9.41383e-06
      3780.00  9.41700e-06
      3790.00  9.42016e-06
      3800.00  9.42330e-06
      3810.00  9.42800e-06
      3820.00  1.88653e-05
      3830.00  1.88715e-05
      3840.00  2.83211e-05
      3850.00  2.83303e-05
      3860.00  3.77860e-05
      3870.00  3.77981e-05
      3880.00  3.78163e-05
      3890.00  4.72854e-05
      3900.00  4.73004e-05
      3910.00  5.67784e-05
      3920.00  0.000113593
      3930.00  0.000179911
      3940.00  0.000236799
      3950.00  0.000293722
      3960.00  0.000360158
      3970.00  0.000417154
      3980.00  0.000483668
      3990.00  0.000550222
      4000.00  0.000607327
      4010.00  0.000673957
      4020.00  0.000740628
      4030.00  0.000807337
      4040.00  0.000874086
      4050.00  0.000940874
      4060.00   0.00100770
      4070.00   0.00107456
      4080.00   0.00114147
      4090.00   0.00120823
      4100.00   0.00127520
      4110.00   0.00129461
      4120.00   0.00131403
      4130.00   0.00134299
      4140.00   0.00136224
      4150.00   0.00138169
      4160.00   0.00140115
      4170.00   0.00142041
      4180.00   0.00144943
      4190.00   0.00146892
      4200.00   0.00148821
      4210.00   0.00150771
      4220.00   0.00146996
      4230.00   0.00142243
      4240.00   0.00137509
      4250.00   0.00132752
      4260.00   0.00128968
      4270.00   0.00124209
      4280.00   0.00119465
      4290.00   0.00114702
      4300.00   0.00109953
      4310.00   0.00105187
      4320.00   0.00100434
      4330.00  0.000956641
      4340.00  0.000909057
      4350.00  0.000861329
      4360.00  0.000813589
      4370.00  0.000765938
      4380.00  0.000708589
      4390.00  0.000660889
      4400.00  0.000613081
      4410.00  0.000689809
      4420.00  0.000766557
      4430.00  0.000843439
      4440.00  0.000910652
      4450.00  0.000987470
      4460.00   0.00106431
      4470.00   0.00114132
      4480.00   0.00121821
      4490.00   0.00129511
      4500.00   0.00138182
      4510.00   0.00130522
      4520.00   0.00123821
      4530.00   0.00117117
      4540.00   0.00109466
      4550.00   0.00102758
      4560.00  0.000950871
      4570.00  0.000883752
      4580.00  0.000807009
      4590.00  0.000730245
      4600.00  0.000663071
      4610.00  0.000586269
      4620.00  0.000595957
      4630.00  0.000605647
      4640.00  0.000605725
      4650.00  0.000615418
      4660.00  0.000625114
      4670.00  0.000634893
      4680.00  0.000644595
      4690.00  0.000644595
      4700.00  0.000654299
      4710.00  0.000692875
      4720.00  0.000731460
      4730.00  0.000769958
      4740.00  0.000798832
      4750.00  0.000837435
      4760.00  0.000875938
      4770.00  0.000914441
      4780.00  0.000953064
      4790.00  0.000991697
      4800.00   0.00103047
      4810.00   0.00106912
      4820.00   0.00110779
      4830.00   0.00115610
      4840.00   0.00120457
      4850.00   0.00124312
      4860.00   0.00129146
      4870.00   0.00133018
      4880.00   0.00137854
      4890.00   0.00141728
      4900.00   0.00146567
      4910.00   0.00142727
      4920.00   0.00138887
      4930.00   0.00135029
      4940.00   0.00131187
      4950.00   0.00127344
      4960.00   0.00123485
      4970.00   0.00119641
      4980.00   0.00115782
      4990.00   0.00111922
      5000.00   0.00108076
      5010.00   0.00101321
      5020.00  0.000955315
      5030.00  0.000897527
      5040.00  0.000839622
      5050.00  0.000772066
      5060.00  0.000714249
      5070.00  0.000656416
      5080.00  0.000588844
      5090.00  0.000530990
      5100.00  0.000531054
      5110.00  0.000531118
      5120.00  0.000531118
      5130.00  0.000521525
      5140.00  0.000521525
      5150.00  0.000521588
      5160.00  0.000521651
      5170.00  0.000521651
      5180.00  0.000511991
      5190.00  0.000511991
      5200.00  0.000512052
      5210.00  0.000512052
      5220.00  0.000521714
      5230.00  0.000521776
      5240.00  0.000531439
      5250.00  0.000531439
      5260.00  0.000541102
      5270.00  0.000541102
      5280.00  0.000550764
      5290.00  0.000550764
      5300.00  0.000541102
      5310.00  0.000531439
      5320.00  0.000531503
      5330.00  0.000521839
      5340.00  0.000512175
      5350.00  0.000502572
      5360.00  0.000492907
      5370.00  0.000483300
      5380.00  0.000483300
      5390.00  0.000473691
      5400.00  0.000464024
      5410.00  0.000454357
      5420.00  0.000444742
      5430.00  0.000435074
      5440.00  0.000415737
      5450.00  0.000406118
      5460.00  0.000396448
      5470.00  0.000386779
      5480.00  0.000377109
      5490.00  0.000367440
      5500.00  0.000357813
      5510.00  0.000328801
      5520.00  0.000309460
      5530.00  0.000290119
      5540.00  0.000261107
      5550.00  0.000241765
      5560.00  0.000212754
      5570.00  0.000193412
      5580.00  0.000164400
      5590.00  0.000145059
      5600.00  0.000116034
      5610.00  0.000116034
      5620.00  0.000106364
      5630.00  9.66947e-05
      5640.00  8.70252e-05
      5650.00  8.70148e-05
      5660.00  7.73465e-05
      5670.00  6.76782e-05
      5680.00  6.76620e-05
      5690.00  5.79752e-05
      5700.00  4.83126e-05
      5710.00  3.86594e-05
      5720.00  3.86455e-05
      5730.00  3.86501e-05
      5740.00  3.86501e-05
      5750.00  3.86455e-05
      5760.00  4.83126e-05
      5770.00  4.83184e-05
      5780.00  4.83242e-05
      5790.00  4.83300e-05
      5800.00  4.83416e-05
      5810.00  4.83531e-05
      5820.00  4.83646e-05
      5830.00  4.83703e-05
      5840.00  4.83760e-05
      5850.00  4.83817e-05
      5860.00  4.83874e-05
      5870.00  4.83817e-05
      5880.00  4.83646e-05
      5890.00  4.83300e-05
      5900.00  3.86640e-05
      5910.00  4.83588e-05
      5920.00  3.86779e-05
      5930.00  3.87008e-05
      5940.00  3.86962e-05
      5950.00  3.86825e-05
      5960.00  3.87054e-05
      5970.00  3.86962e-05
      5980.00  3.87054e-05
      5990.00  3.87099e-05
      6000.00  3.87145e-05
      6010.00  3.87190e-05
      6020.00  3.87190e-05
      6030.00  4.84045e-05
      6040.00  4.84102e-05
      6050.00  4.84158e-05
      6060.00  4.84158e-05
      6070.00  4.84215e-05
      6080.00  4.84271e-05
      6090.00  4.84271e-05
      6100.00  4.84328e-05
      6110.00  4.84384e-05
      6120.00  4.84384e-05
      6130.00  4.84440e-05
      6140.00  4.84496e-05
      6150.00  4.84496e-05
      6160.00  4.84553e-05
      6170.00  4.84553e-05
      6180.00  4.84609e-05
      6190.00  4.84609e-05
      6200.00  4.84664e-05
      6210.00  4.84664e-05
      6220.00  3.87732e-05
      6230.00  3.87776e-05
      6240.00  3.87776e-05
      6250.00  3.87776e-05
      6260.00  3.87776e-05
      6270.00  3.87687e-05
      6280.00  3.86733e-05
      6290.00  3.87372e-05
      6300.00  4.84271e-05
      6310.00  4.84496e-05
      6320.00  4.84609e-05
      6330.00  4.84832e-05
      6340.00  5.81932e-05
      6350.00  5.81998e-05
      6360.00  5.82131e-05
      6370.00  6.79230e-05
      6380.00  6.79385e-05
      6390.00  6.79462e-05
      6400.00  6.79615e-05
      6410.00  7.76791e-05
      6420.00  7.76879e-05
      6430.00  7.76879e-05
      6440.00  7.76966e-05
      6450.00  7.76966e-05
      6460.00  7.76703e-05
      6470.00  8.73594e-05
      6480.00  8.73395e-05
      6490.00  8.73692e-05
      6500.00  8.74185e-05
      6510.00  0.000116571
      6520.00  5.82593e-05
      6530.00  8.74381e-05
      6540.00  0.000106869
      6550.00  0.000116571
      6560.00  0.000126299
      6570.00  0.000155463
      6580.00  0.000184653
      6590.00  0.000165253
      6600.00  0.000174993
      6610.00  0.000184756
      6620.00  0.000184776
      6630.00  0.000175051
      6640.00  0.000175071
      6650.00  0.000184797
      6660.00  0.000184817
      6670.00  0.000243207
      6680.00  0.000291849
      6690.00  0.000340528
      6700.00  0.000291913
      6710.00  0.000311374
      6720.00  0.000321139
      6730.00   0.00208254
      6740.00   0.00385410
      6750.00   0.00216063
      6760.00  0.000457481
      6770.00  0.000545083
      6780.00  0.000623020
      6790.00  0.000700898
      6800.00  0.000778860
      6810.00  0.000847011
      6820.00  0.000924897
      6830.00   0.00103210
      6840.00   0.00113921
      6850.00   0.00129500
      6860.00   0.00144073
      6870.00   0.00139608
      6880.00   0.00164263
      6890.00   0.00241330
      6900.00   0.00225325
      6910.00   0.00264688
      6920.00   0.00302983
      6930.00   0.00368212
      6940.00   0.00430342
      6950.00   0.00560888
      6960.00   0.00691376
      6970.00    0.0101739
      6980.00    0.0132669
      6990.00    0.0450027
      7000.00    0.0320185
      7010.00    0.0450999
      7020.00    0.0584542
      7030.00    0.0850325
      7040.00     0.111056
      7050.00     0.146780
      7060.00     0.183469
      7070.00     0.226429
      7080.00     0.269233
      7090.00     0.342382
      7100.00     0.349699
      7110.00     0.387152
      7120.00     0.424931
      7130.00     0.447543
      7140.00     0.470731
      7150.00     0.483121
      7160.00     0.494673
      7170.00     0.484180
      7180.00     0.480300
      7190.00     0.476564
      7200.00     0.471296
      7210.00     0.493967
      7220.00     0.505642
      7230.00     0.501496
      7240.00     0.488798
      7250.00     0.493245
      7260.00     0.494588
      7270.00     0.499339
      7280.00     0.499364
      7290.00     0.504955
      7300.00     0.504218
      7310.00     0.501570
      7320.00     0.511520
      7330.00     0.517932
      7340.00     0.520366
      7350.00     0.518937
      7360.00     0.515934
      7370.00     0.518530
      7380.00     0.522720
      7390.00     0.524598
      7400.00     0.530790
      7410.00     0.532826
      7420.00     0.534872
      7430.00     0.536595
      7440.00     0.537520
      7450.00     0.537987
      7460.00     0.537646
      7470.00     0.537275
      7480.00     0.537703
      7490.00     0.536132
      7500.00     0.538552
      7510.00     0.539497
      7520.00     0.539643
      7530.00     0.539828
      7540.00     0.540822
      7550.00     0.540129
      7560.00     0.539437
      7570.00     0.538266
      7580.00     0.536296
      7590.00     0.493053
      7600.00     0.207732
      7610.00     0.182915
      7620.00     0.341609
      7630.00     0.291306
      7640.00     0.316575
      7650.00     0.375128
      7660.00     0.447247
      7670.00     0.484712
      7680.00     0.509026
      7690.00     0.523587
      7700.00     0.533607
      7710.00     0.537804
      7720.00     0.538827
      7730.00     0.540523
      7740.00     0.541431
      7750.00     0.543470
      7760.00     0.544700
      7770.00     0.545715
      7780.00     0.546721
      7790.00     0.546223
      7800.00     0.545725
      7810.00     0.546427
      7820.00     0.546339
      7830.00     0.545988
      7840.00     0.545646
      7850.00     0.544954
      7860.00     0.544262
      7870.00     0.542420
      7880.00     0.540578
      7890.00     0.535657
      7900.00     0.533152
      7910.00     0.532965
      7920.00     0.531851
      7930.00     0.530442
      7940.00     0.530589
      7950.00     0.526680
      7960.00     0.518917
      7970.00     0.519759
      7980.00     0.522913
      7990.00     0.523971
      8000.00     0.523472
      8010.00     0.524516
      8020.00     0.525569
      8030.00     0.528054
      8040.00     0.532745
      8050.00     0.532104
      8060.00     0.535398
      8070.00     0.549143
      8080.00     0.537607
      8090.00     0.533031
      8100.00     0.529257
      8110.00     0.524972
      8120.00     0.523790
      8130.00     0.513841
      8140.00     0.516760
      8150.00     0.514157
      8160.00     0.504654
      8170.00     0.507581
      8180.00     0.508269
      8190.00     0.507698
      8200.00     0.514690
      8210.00     0.523224
      8220.00     0.512577
      8230.00     0.490531
      8240.00     0.505213
      8250.00     0.513722
      8260.00     0.514109
      8270.00     0.514487
      8280.00     0.509557
      8290.00     0.514669
      8300.00     0.521200
      8310.00     0.526335
      8320.00     0.533315
      8330.00     0.541921
      8340.00     0.535599
      8350.00     0.536841
      8360.00     0.531213
      8370.00     0.526374
      8380.00     0.532038
      8390.00     0.533341
      8400.00     0.532277
      8410.00     0.534349
      8420.00     0.531233
      8430.00     0.541145
      8440.00     0.537420
      8450.00     0.549890
      8460.00     0.540602
      8470.00     0.559686
      8480.00     0.278730
      8490.00     0.540152
      8500.00     0.553758
      8510.00     0.542528
      8520.00     0.547206
      8530.00     0.479060
      8540.00     0.468365
      8550.00     0.324854
      8560.00     0.308359
      8570.00     0.161303
      8580.00     0.158704
      8590.00    0.0650165
      8600.00    0.0610202
      8610.00    0.0228936
      8620.00    0.0230327
      8630.00   0.00845283
      8640.00   0.00878508
      8650.00   0.00368407
      8660.00   0.00340068
      8670.00   0.00152444
      8680.00   0.00139740
      8690.00   0.00127037
      8700.00   0.00269709
      8710.00  0.000899123
      8720.00  0.000899123
      8730.00  0.000908896
      8740.00  0.000596157
      8750.00  0.000430015
      8760.00  0.000469107
      8770.00  0.000508200
      8780.00  0.000371338
      8790.00  0.000234529
      8800.00  0.000576551
      8810.00  0.000625412
      8820.00  0.000596096
      8830.00  0.000557007
      8840.00  0.000517919
      8850.00  0.000312673
      8860.00  0.000381031
      8870.00  0.000459239
      8880.00  0.000508094
      8890.00  0.000478831
      8900.00  0.000459239
      8910.00  0.000312641
      8920.00  0.000312543
      8930.00  0.000312313
      8940.00  0.000321937
      8950.00  0.000379983
      8960.00  0.000437917
      8970.00  0.000437337
      8980.00  0.000427379
      8990.00  0.000542949
      9000.00  0.000659522
      9010.00  0.000445943
      9020.00  0.000445943
      9030.00  0.000476476
      9040.00  0.000487052
      9050.00  0.000486999
      9060.00  0.000486468
      9070.00  0.000475838
      9080.00  0.000475190
      9090.00  0.000475190
      9100.00  0.000475299
      9110.00  0.000485440
      9120.00  0.000485220
      9130.00  0.000474641
      9140.00  0.000475081
      9150.00  0.000485164
      9160.00  0.000485220
      9170.00  0.000485440
      9180.00  0.000485658
      9190.00  0.000496198
      9200.00  0.000506589
      9210.00  0.000496685
      9220.00  0.000496685
      9230.00  0.000496523
      9240.00  0.000486361
      9250.00  0.000486361
      9260.00  0.000486361
      9270.00  0.000476158
      9280.00  0.000465758
      9290.00  0.000455002
      9300.00  0.000443884
      9310.00  0.000422992
      9320.00  0.000401568
      9330.00  0.000380657
      9340.00  0.000350189
      9350.00  0.000359426
      9360.00  0.000369750
      9370.00  0.000369522
      9380.00  0.000409859
      9390.00  0.000492132
      9400.00  0.000502572
      9410.00  0.000482600
      9420.00  0.000452063
      9430.00  0.000410845
      9440.00  0.000401066
      9450.00  0.000411692
      9460.00  0.000402172
      9470.00  0.000412627
      9480.00  0.000413112
      9490.00  0.000403400
      9500.00  0.000403557
      9510.00  0.000414217
      9520.00  0.000403452
      9530.00  0.000423477
      9540.00  0.000433968
      9550.00  0.000433211
      9560.00  0.000433047
      9570.00  0.000473860
      9580.00  0.000483760
      9590.00  0.000483416
      9600.00  0.000492966
      9610.00  0.000492730
      9620.00  0.000492907
      9630.00  0.000513507
      9640.00  0.000513685
      9650.00  0.000513566
      9660.00  0.000523317
      9670.00  0.000533923
      9680.00  0.000554817
      9690.00  0.000565163
      9700.00  0.000565224
      9710.00  0.000565224
      9720.00  0.000565041
      9730.00  0.000554877
      9740.00  0.000544604
      9750.00  0.000544302
      9760.00  0.000554452
      9770.00  0.000555119
      9780.00  0.000555059
      9790.00  0.000564980
      9800.00  0.000575401
      9810.00  0.000565768
      9820.00  0.000555895
      9830.00  0.000546433
      9840.00  0.000537015
      9850.00  0.000527416
      9860.00  0.000527691
      9870.00  0.000517973
      9880.00  0.000508252
      9890.00  0.000498478
      9900.00  0.000488755
      9910.00  0.000479029
      9920.00  0.000479079
      9930.00  0.000479079
      9940.00  0.000479128
      9950.00  0.000469398
      9960.00  0.000469398
      9970.00  0.000469398
      9980.00  0.000459572
      9990.00  0.000459572
      10000.0  0.000449794
      10010.0  0.000439970
      10020.0  0.000420286
      10030.0  0.000410554
      10040.0  0.000400820
      10050.0  0.000391085
      10060.0  0.000381307
      10070.0  0.000371530
      10080.0  0.000361679
      10090.0  0.000351794
      10100.0  0.000342057
      10110.0  0.000342164
      10120.0  0.000342199
      10130.0  0.000332456
      10140.0  0.000332456
      10150.0  0.000322711
      10160.0  0.000322711
      10170.0  0.000322711
      10180.0  0.000312932
      10190.0  0.000312900
      10200.0  0.000303122
      10210.0  0.000303153
      10220.0  0.000293344
      10230.0  0.000283536
      10240.0  0.000283507
      10250.0  0.000273787
      10260.0  0.000264036
      10270.0  0.000264036
      10280.0  0.000254257
      10290.0  0.000254283
      10300.0  0.000244503
      10310.0  0.000234747
      10320.0  0.000224966
      10330.0  0.000215185
      10340.0  0.000205404
      10350.0  0.000205404
      10360.0  0.000195623
      10370.0  0.000185842
      10380.0  0.000176060
      10390.0  0.000166279
      10400.0  0.000166279
      10410.0  0.000156498
      10420.0  0.000146717
      10430.0  0.000146717
      10440.0  0.000136936
      10450.0  0.000127142
      10460.0  0.000127142
      10470.0  0.000117362
      10480.0  0.000107570
      10490.0  0.000107570
      10500.0  9.77913e-05
      10510.0  9.77812e-05
      10520.0  9.77812e-05
      10530.0  9.77812e-05
      10540.0  9.77711e-05
      10550.0  9.77711e-05
      10560.0  9.77610e-05
      10570.0  8.79849e-05
      10580.0  8.79667e-05
      10590.0  8.79667e-05
      10600.0  8.79759e-05
      10610.0  8.79667e-05
      10620.0  8.79576e-05
      10630.0  7.81846e-05
      10640.0  7.81765e-05
      10650.0  7.81683e-05
      10660.0  7.81683e-05
      10670.0  7.81683e-05
      10680.0  7.81521e-05
      10690.0  6.83831e-05
      10700.0  6.83902e-05
      10710.0  6.83831e-05
      10720.0  6.83831e-05
      10730.0  6.83831e-05
      10740.0  6.83831e-05
      10750.0  5.86263e-05
      10760.0  5.86202e-05
      10770.0  5.86140e-05
      10780.0  5.86079e-05
      10790.0  4.88399e-05
      10800.0  4.88195e-05
      10810.0  4.88195e-05
      10820.0  3.90638e-05
      10830.0  3.90556e-05
      10840.0  2.92855e-05
      10850.0  2.92701e-05
      10860.0  2.92732e-05
      10870.0  1.95278e-05
      10880.0  1.95299e-05
      10890.0  9.75773e-06
      10900.0  9.75566e-06
      10910.0  9.75773e-06
      10920.0  9.75359e-06
      10930.0  9.74524e-06
      10940.0  9.74209e-06
      10950.0  9.74315e-06
      10960.0  9.74315e-06
      10970.0  1.94842e-05
      10980.0      0.00000
      10990.0      0.00000
      11000.0      0.00000
