# MzLS system throughput, airmass       1.10000
# From kpzdccdcorr3.bp.
      8000.00   3.3663355e-05
      8010.00   3.6926299e-05
      8020.00   4.0342324e-05
      8030.00   4.3866813e-05
      8040.00   4.7604089e-05
      8050.00   5.2055375e-05
      8060.00   5.6918712e-05
      8070.00   6.2244117e-05
      8080.00   6.8031035e-05
      8090.00   7.4556549e-05
      8100.00   8.2223546e-05
      8110.00   9.1222403e-05
      8120.00   0.00010182148
      8130.00   0.00011387925
      8140.00   0.00012808221
      8150.00   0.00014475272
      8160.00   0.00016436017
      8170.00   0.00019043793
      8180.00   0.00022239487
      8190.00   0.00026228805
      8200.00   0.00031470413
      8210.00   0.00038047680
      8220.00   0.00044692995
      8230.00   0.00051543918
      8240.00   0.00063963891
      8250.00   0.00078507822
      8260.00   0.00094366616
      8270.00    0.0011355454
      8280.00    0.0013530984
      8290.00    0.0016452872
      8300.00    0.0019956444
      8310.00    0.0024109637
      8320.00    0.0029057167
      8330.00    0.0035135408
      8340.00    0.0042572026
      8350.00    0.0051631248
      8360.00    0.0062252186
      8370.00    0.0075371620
      8380.00    0.0091797234
      8390.00     0.011223915
      8400.00     0.013734210
      8410.00     0.016858251
      8420.00     0.020886210
      8430.00     0.026084216
      8440.00     0.032721898
      8450.00     0.041206450
      8460.00     0.052072209
      8470.00     0.066197605
      8480.00     0.083874120
      8490.00      0.10625729
      8500.00      0.13383326
      8510.00      0.16668862
      8520.00      0.20505199
      8530.00      0.24755930
      8540.00      0.29181161
      8550.00      0.33597327
      8560.00      0.37716013
      8570.00      0.41327173
      8580.00      0.44238195
      8590.00      0.46556306
      8600.00      0.48224433
      8610.00      0.49396070
      8620.00      0.50251908
      8630.00      0.50755570
      8640.00      0.51062758
      8650.00      0.51234611
      8660.00      0.51309311
      8670.00      0.51318592
      8680.00      0.51279864
      8690.00      0.51209433
      8700.00      0.51125271
      8710.00      0.51104723
      8720.00      0.51023651
      8730.00      0.50948092
      8740.00      0.50885811
      8750.00      0.50838529
      8760.00      0.50812294
      8770.00      0.50812713
      8780.00      0.50760053
      8790.00      0.50795113
      8800.00      0.50845705
      8810.00      0.50898940
      8820.00      0.50959581
      8830.00      0.51015655
      8840.00      0.51073411
      8850.00      0.51049584
      8860.00      0.51012269
      8870.00      0.51101087
      8880.00      0.51104305
      8890.00      0.51160162
      8900.00      0.51055540
      8910.00      0.50940402
      8920.00      0.50674317
      8930.00      0.50116677
      8940.00      0.49771179
      8950.00      0.48846601
      8960.00      0.47958421
      8970.00      0.47024122
      8980.00      0.46545002
      8990.00      0.45303313
      9000.00      0.45501049
      9010.00      0.45215261
      9020.00      0.45200873
      9030.00      0.47091132
      9040.00      0.48210569
      9050.00      0.48063006
      9060.00      0.47220632
      9070.00      0.45863934
      9080.00      0.44916551
      9090.00      0.44823579
      9100.00      0.44853688
      9110.00      0.45294329
      9120.00      0.44888371
      9130.00      0.43622833
      9140.00      0.44037102
      9150.00      0.44361664
      9160.00      0.44304007
      9170.00      0.44456462
      9180.00      0.44613838
      9190.00      0.45562799
      9200.00      0.46291030
      9210.00      0.45995676
      9220.00      0.45895280
      9230.00      0.45614703
      9240.00      0.44993054
      9250.00      0.44924551
      9260.00      0.44870522
      9270.00      0.44173335
      9280.00      0.43136913
      9290.00      0.41669248
      9300.00      0.39701617
      9310.00      0.37471501
      9320.00      0.34588652
      9330.00      0.32329707
      9340.00      0.29875618
      9350.00      0.29636408
      9360.00      0.30604066
      9370.00      0.30346261
      9380.00      0.32901800
      9390.00      0.39015093
      9400.00      0.39940492
      9410.00      0.39088272
      9420.00      0.37101811
      9430.00      0.33734071
      9440.00      0.33349421
      9450.00      0.34519392
      9460.00      0.34501941
      9470.00      0.35469596
      9480.00      0.35919356
      9490.00      0.35659244
      9500.00      0.35701746
      9510.00      0.36988019
      9520.00      0.35443549
      9530.00      0.36304532
      9540.00      0.37197123
      9550.00      0.36194989
      9560.00      0.35908023
      9570.00      0.38285638
      9580.00      0.38442186
      9590.00      0.37895889
      9600.00      0.37767935
      9610.00      0.37502284
      9620.00      0.37552516
      9630.00      0.38695131
      9640.00      0.38738367
      9650.00      0.38536930
      9660.00      0.38479941
      9670.00      0.39274564
      9680.00      0.40604631
      9690.00      0.41049212
      9700.00      0.40913499
      9710.00      0.40703831
      9720.00      0.40287565
      9730.00      0.39615139
      9740.00      0.38824297
      9750.00      0.38275523
      9760.00      0.38399571
      9770.00      0.38760912
      9780.00      0.38379867
      9790.00      0.38172421
      9800.00      0.38404913
      9810.00      0.38164251
      9820.00      0.37659446
      9830.00      0.37514113
      9840.00      0.37437183
      9850.00      0.37222156
      9860.00      0.37151453
      9870.00      0.36908255
      9880.00      0.36722912
      9890.00      0.36533846
      9900.00      0.36414402
      9910.00      0.36275558
      9920.00      0.36028317
      9930.00      0.35504844
      9940.00      0.34644544
      9950.00      0.33235271
      9960.00      0.31109856
      9970.00      0.28296361
      9980.00      0.24890438
      9990.00      0.21182320
      10000.0      0.17439339
      10010.0      0.13937366
      10020.0      0.10856534
      10030.0     0.083775219
      10040.0     0.064132440
      10050.0     0.048883209
      10060.0     0.037243114
      10070.0     0.028481014
      10080.0     0.021817998
      10090.0     0.016803651
      10100.0     0.013115736
      10110.0     0.010350695
      10120.0    0.0082031875
      10130.0    0.0065438117
      10140.0    0.0052497365
      10150.0    0.0042423273
      10160.0    0.0034470787
      10170.0    0.0028198421
      10180.0    0.0023181993
      10190.0    0.0019127067
      10200.0    0.0015879892
      10210.0    0.0013255498
      10220.0    0.0011085579
      10230.0   0.00093122981
      10240.0   0.00078505248
      10250.0   0.00066661572
      10260.0   0.00056685981
      10270.0   0.00048286230
      10280.0   0.00041223336
      10290.0   0.00035315252
      10300.0   0.00030285903
      10310.0   0.00026019964
      10320.0   0.00022363976
      10330.0   0.00019230390
      10340.0   0.00016573139
      10350.0   0.00014314144
      10360.0   0.00012377414
      10370.0   0.00010715844
      10380.0   9.2786274e-05
      10390.0   8.0489822e-05
      10400.0   6.9893553e-05
      10410.0   6.0855150e-05
      10420.0   5.2984043e-05
      10430.0   4.6301915e-05
      10440.0   4.0580240e-05
      10450.0   3.5598029e-05
      10460.0   3.1368763e-05
      10470.0   2.7645070e-05
      10480.0   2.4371172e-05
      10490.0   2.1527491e-05
      10500.0   1.9134962e-05
