     wave       Aext  
   1250.0      10.28  
   1260.0     10.167  
   1270.0    10.0575  
   1280.0    9.95159  
   1290.0    9.84916  
   1300.0    9.75013  
   1310.0    9.65441  
   1320.0    9.56198  
   1330.0    9.47275  
   1340.0    9.38663  
   1350.0    9.30359  
   1360.0    9.22359  
   1370.0    9.14656  
   1380.0    9.07245  
   1390.0    9.00123  
   1400.0    8.93284  
   1410.0    8.86721  
   1420.0    8.80425  
   1430.0    8.74395  
   1440.0    8.68627  
   1450.0     8.6312  
   1460.0     8.5787  
   1470.0    8.52867  
   1480.0    8.48103  
   1490.0    8.43579  
   1500.0    8.39298  
   1510.0    8.35254  
   1520.0    8.31438  
   1530.0    8.27849  
   1540.0    8.24488  
   1550.0    8.21355  
   1560.0    8.18444  
   1570.0    8.15748  
   1580.0     8.1327  
   1590.0    8.11013  
   1600.0    8.08975  
   1610.0    8.07138  
   1620.0    8.05484  
   1630.0    8.03984  
   1640.0    8.02602  
   1650.0    8.01315  
   1660.0    8.00129  
   1670.0    7.99055  
   1680.0    7.98101  
   1690.0    7.97272  
   1700.0    7.96569  
   1710.0    7.95998  
   1720.0    7.95566  
   1730.0    7.95281  
   1740.0    7.95148  
   1750.0    7.95176  
   1760.0     7.9537  
   1770.0     7.9574  
   1780.0    7.96295  
   1790.0    7.97046  
   1800.0    7.98004  
   1810.0    7.99179  
   1820.0    8.00583  
   1830.0    8.02226  
   1840.0    8.04124  
   1850.0    8.06289  
   1860.0    8.08733  
   1870.0    8.11473  
   1880.0    8.14524  
   1890.0    8.17899  
   1900.0    8.21613  
   1910.0    8.25682  
   1920.0    8.30119  
   1930.0    8.34936  
   1940.0    8.40145  
   1950.0    8.45751  
   1960.0    8.51761  
   1970.0     8.5818  
   1980.0    8.64995  
   1990.0    8.72193  
   2000.0     8.7976  
   2010.0    8.87674  
   2020.0    8.95882  
   2030.0    9.04326  
   2040.0     9.1295  
   2050.0    9.21692  
   2060.0    9.30436  
   2070.0    9.39058  
   2080.0    9.47439  
   2090.0    9.55464  
   2100.0    9.62985  
   2110.0    9.69835  
   2120.0    9.75858  
   2130.0    9.80907  
   2140.0    9.84858  
   2150.0    9.87621  
   2160.0    9.89117  
   2170.0    9.89271  
   2180.0    9.88018  
   2190.0    9.85384  
   2200.0    9.81453  
   2210.0    9.76309  
   2220.0    9.70031  
   2230.0    9.62703  
   2240.0    9.54461  
   2250.0     9.4546  
   2260.0    9.35847  
   2270.0    9.25764  
   2280.0    9.15342  
   2290.0    9.04694  
   2300.0    8.93918  
   2310.0    8.83109  
   2320.0    8.72356  
   2330.0    8.61742  
   2340.0    8.51326  
   2350.0    8.41138  
   2360.0    8.31205  
   2370.0    8.21552  
   2380.0    8.12204  
   2390.0     8.0318  
   2400.0    7.94482  
   2410.0    7.86107  
   2420.0    7.78051  
   2430.0    7.70309  
   2440.0    7.62879  
   2450.0    7.55753  
   2460.0     7.4892  
   2470.0    7.42367  
   2480.0    7.36081  
   2490.0    7.30049  
   2500.0     7.2426  
   2510.0    7.18703  
   2520.0    7.13367  
   2530.0    7.08245  
   2540.0    7.03326  
   2550.0    6.98604  
   2560.0    6.94068  
   2570.0    6.89712  
   2580.0    6.85516  
   2590.0    6.81456  
   2600.0    6.77508  
   2610.0    6.73649  
   2620.0    6.69856  
   2630.0    6.66109  
   2640.0     6.6239  
   2650.0    6.58705  
   2660.0    6.55067  
   2670.0    6.51488  
   2680.0     6.4798  
   2690.0    6.44555  
   2700.0    6.41223  
   2710.0    6.37994  
   2720.0    6.34865  
   2730.0     6.3183  
   2740.0    6.28881  
   2750.0    6.26013  
   2760.0    6.23218  
   2770.0    6.20489  
   2780.0    6.17822  
   2790.0    6.15211  
   2800.0    6.12653  
   2810.0    6.10144  
   2820.0    6.07682  
   2830.0    6.05264  
   2840.0    6.02887  
   2850.0    6.00548  
   2860.0    5.98246  
   2870.0    5.95978  
   2880.0    5.93751  
   2890.0    5.91567  
   2900.0    5.89429  
   2910.0    5.87343  
   2920.0    5.85311  
   2930.0    5.83336  
   2940.0    5.81421  
   2950.0    5.79568  
   2960.0     5.7777  
   2970.0    5.76016  
   2980.0    5.74295  
   2990.0    5.72598  
   3000.0    5.70916  
   3010.0     5.6924  
   3020.0    5.67561  
   3030.0    5.65871  
   3040.0    5.64165  
   3050.0    5.62447  
   3060.0    5.60725  
   3070.0    5.59005  
   3080.0    5.57295  
   3090.0    5.55601  
   3100.0     5.5393  
   3110.0    5.52287  
   3120.0    5.50679  
   3130.0    5.49111  
   3140.0    5.47581  
   3150.0    5.46079  
   3160.0    5.44599  
   3170.0     5.4313  
   3180.0    5.41666  
   3190.0    5.40198  
   3200.0    5.38719  
   3210.0    5.37221  
   3220.0    5.35698  
   3230.0    5.34144  
   3240.0    5.32559  
   3250.0    5.30952  
   3260.0    5.29334  
   3270.0    5.27713  
   3280.0      5.261  
   3290.0    5.24501  
   3300.0    5.22926  
   3310.0    5.21383  
   3320.0     5.1988  
   3330.0    5.18424  
   3340.0    5.17021  
   3350.0    5.15669  
   3360.0    5.14362  
   3370.0    5.13092  
   3380.0    5.11853  
   3390.0    5.10637  
   3400.0    5.09439  
   3410.0    5.08252  
   3420.0    5.07071  
   3430.0    5.05889  
   3440.0    5.04701  
   3450.0    5.03502  
   3460.0    5.02289  
   3470.0    5.01063  
   3480.0    4.99827  
   3490.0    4.98584  
   3500.0    4.97334  
   3510.0    4.96082  
   3520.0    4.94829  
   3530.0    4.93576  
   3540.0    4.92327  
   3550.0    4.91082  
   3560.0    4.89844  
   3570.0    4.88615  
   3580.0    4.87396  
   3590.0    4.86186  
   3600.0    4.84984  
   3610.0    4.83789  
   3620.0      4.826  
   3630.0    4.81415  
   3640.0    4.80233  
   3650.0    4.79053  
   3660.0    4.77875  
   3670.0    4.76696  
   3680.0    4.75516  
   3690.0    4.74334  
   3700.0     4.7315  
   3710.0    4.71961  
   3720.0    4.70771  
   3730.0    4.69583  
   3740.0      4.684  
   3750.0    4.67226  
   3760.0    4.66064  
   3770.0    4.64918  
   3780.0    4.63791  
   3790.0    4.62686  
   3800.0    4.61606  
   3810.0    4.60553  
   3820.0    4.59531  
   3830.0    4.58541  
   3840.0    4.57588  
   3850.0    4.56673  
   3860.0    4.55794  
   3870.0    4.54948  
   3880.0    4.54128  
   3890.0    4.53328  
   3900.0    4.52544  
   3910.0     4.5177  
   3920.0    4.51002  
   3930.0    4.50235  
   3940.0    4.49463  
   3950.0    4.48684  
   3960.0    4.47891  
   3970.0    4.47081  
   3980.0    4.46251  
   3990.0    4.45395  
   4000.0     4.4451  
   4010.0    4.43594  
   4020.0     4.4265  
   4030.0    4.41682  
   4040.0    4.40695  
   4050.0    4.39693  
   4060.0     4.3868  
   4070.0    4.37661  
   4080.0    4.36638  
   4090.0    4.35617  
   4100.0      4.346  
   4110.0    4.33591  
   4120.0    4.32594  
   4130.0    4.31612  
   4140.0    4.30648  
   4150.0    4.29705  
   4160.0    4.28787  
   4170.0    4.27896  
   4180.0    4.27034  
   4190.0    4.26197  
   4200.0    4.25382  
   4210.0    4.24588  
   4220.0    4.23811  
   4230.0    4.23048  
   4240.0    4.22298  
   4250.0    4.21558  
   4260.0    4.20825  
   4270.0    4.20097  
   4280.0    4.19371  
   4290.0    4.18646  
   4300.0     4.1792  
   4310.0     4.1719  
   4320.0    4.16454  
   4330.0     4.1571  
   4340.0    4.14957  
   4350.0    4.14193  
   4360.0    4.13413  
   4370.0    4.12607  
   4380.0    4.11768  
   4390.0    4.10885  
   4400.0    4.09949  
   4410.0    4.08955  
   4420.0    4.07909  
   4430.0     4.0682  
   4440.0    4.05695  
   4450.0    4.04543  
   4460.0    4.03372  
   4470.0    4.02189  
   4480.0    4.01003  
   4490.0    3.99819  
   4500.0    3.98645  
   4510.0    3.97488  
   4520.0    3.96354  
   4530.0    3.95251  
   4540.0    3.94184  
   4550.0     3.9316  
   4560.0    3.92179  
   4570.0    3.91239  
   4580.0    3.90336  
   4590.0    3.89466  
   4600.0    3.88626  
   4610.0    3.87813  
   4620.0    3.87022  
   4630.0    3.86252  
   4640.0    3.85498  
   4650.0    3.84759  
   4660.0     3.8403  
   4670.0    3.83309  
   4680.0    3.82594  
   4690.0     3.8188  
   4700.0    3.81167  
   4710.0     3.8045  
   4720.0    3.79729  
   4730.0    3.78999  
   4740.0    3.78259  
   4750.0    3.77506  
   4760.0    3.76738  
   4770.0    3.75953  
   4780.0    3.75152  
   4790.0    3.74334  
   4800.0      3.735  
   4810.0    3.72651  
   4820.0    3.71789  
   4830.0    3.70913  
   4840.0    3.70024  
   4850.0    3.69123  
   4860.0     3.6821  
   4870.0    3.67287  
   4880.0    3.66354  
   4890.0     3.6541  
   4900.0    3.64458  
   4910.0    3.63498  
   4920.0    3.62529  
   4930.0    3.61553  
   4940.0     3.6057  
   4950.0    3.59581  
   4960.0    3.58587  
   4970.0    3.57587  
   4980.0    3.56582  
   4990.0    3.55573  
   5000.0     3.5456  
   5010.0    3.53544  
   5020.0    3.52525  
   5030.0    3.51505  
   5040.0    3.50483  
   5050.0    3.49462  
   5060.0     3.4844  
   5070.0     3.4742  
   5080.0    3.46402  
   5090.0    3.45386  
   5100.0    3.44374  
   5110.0    3.43365  
   5120.0    3.42361  
   5130.0    3.41361  
   5140.0    3.40368  
   5150.0    3.39381  
   5160.0      3.384  
   5170.0    3.37427  
   5180.0    3.36462  
   5190.0    3.35505  
   5200.0    3.34557  
   5210.0    3.33619  
   5220.0    3.32691  
   5230.0    3.31773  
   5240.0    3.30866  
   5250.0     3.2997  
   5260.0    3.29087  
   5270.0    3.28215  
   5280.0    3.27355  
   5290.0    3.26506  
   5300.0    3.25668  
   5310.0    3.24839  
   5320.0    3.24019  
   5330.0    3.23207  
   5340.0    3.22403  
   5350.0    3.21605  
   5360.0    3.20814  
   5370.0    3.20028  
   5380.0    3.19247  
   5390.0     3.1847  
   5400.0    3.17697  
   5410.0    3.16927  
   5420.0     3.1616  
   5430.0    3.15394  
   5440.0    3.14629  
   5450.0    3.13866  
   5460.0    3.13103  
   5470.0    3.12339  
   5480.0    3.11575  
   5490.0    3.10809  
   5500.0    3.10042  
   5510.0    3.09274  
   5520.0    3.08507  
   5530.0    3.07745  
   5540.0    3.06992  
   5550.0    3.06253  
   5560.0    3.05532  
   5570.0    3.04828  
   5580.0    3.04142  
   5590.0    3.03473  
   5600.0     3.0282  
   5610.0    3.02182  
   5620.0    3.01558  
   5630.0    3.00948  
   5640.0    3.00351  
   5650.0    2.99767  
   5660.0    2.99193  
   5670.0     2.9863  
   5680.0    2.98077  
   5690.0    2.97533  
   5700.0    2.96997  
   5710.0     2.9647  
   5720.0    2.95949  
   5730.0    2.95435  
   5740.0    2.94927  
   5750.0    2.94425  
   5760.0    2.93926  
   5770.0    2.93432  
   5780.0    2.92942  
   5790.0    2.92454  
   5800.0    2.91968  
   5810.0    2.91485  
   5820.0    2.91002  
   5830.0    2.90521  
   5840.0    2.90039  
   5850.0    2.89557  
   5860.0    2.89074  
   5870.0     2.8859  
   5880.0    2.88105  
   5890.0    2.87617  
   5900.0    2.87126  
   5910.0    2.86634  
   5920.0    2.86139  
   5930.0    2.85643  
   5940.0    2.85144  
   5950.0    2.84644  
   5960.0    2.84143  
   5970.0    2.83639  
   5980.0    2.83134  
   5990.0    2.82628  
   6000.0    2.82121  
   6010.0    2.81612  
   6020.0    2.81103  
   6030.0    2.80592  
   6040.0     2.8008  
   6050.0    2.79568  
   6060.0    2.79054  
   6070.0    2.78541  
   6080.0    2.78026  
   6090.0    2.77511  
   6100.0    2.76996  
   6110.0     2.7648  
   6120.0    2.75964  
   6130.0    2.75447  
   6140.0    2.74931  
   6150.0    2.74414  
   6160.0    2.73898  
   6170.0    2.73382  
   6180.0    2.72865  
   6190.0    2.72349  
   6200.0    2.71833  
   6210.0    2.71318  
   6220.0    2.70803  
   6230.0    2.70288  
   6240.0    2.69774  
   6250.0     2.6926  
   6260.0    2.68747  
   6270.0    2.68234  
   6280.0    2.67722  
   6290.0    2.67211  
   6300.0      2.667  
   6310.0    2.66189  
   6320.0    2.65678  
   6330.0    2.65168  
   6340.0    2.64657  
   6350.0    2.64147  
   6360.0    2.63637  
   6370.0    2.63126  
   6380.0    2.62616  
   6390.0    2.62105  
   6400.0    2.61595  
   6410.0    2.61083  
   6420.0    2.60572  
   6430.0     2.6006  
   6440.0    2.59548  
   6450.0    2.59036  
   6460.0    2.58523  
   6470.0    2.58009  
   6480.0    2.57495  
   6490.0     2.5698  
   6500.0    2.56465  
   6510.0    2.55948  
   6520.0    2.55432  
   6530.0    2.54914  
   6540.0    2.54395  
   6550.0    2.53876  
   6560.0    2.53355  
   6570.0    2.52834  
   6580.0    2.52312  
   6590.0    2.51789  
   6600.0    2.51264  
   6610.0    2.50739  
   6620.0    2.50213  
   6630.0    2.49685  
   6640.0    2.49156  
   6650.0    2.48626  
   6660.0    2.48095  
   6670.0    2.47562  
   6680.0    2.47029  
   6690.0    2.46494  
   6700.0    2.45958  
   6710.0    2.45422  
   6720.0    2.44885  
   6730.0    2.44348  
   6740.0     2.4381  
   6750.0    2.43272  
   6760.0    2.42735  
   6770.0    2.42197  
   6780.0    2.41661  
   6790.0    2.41124  
   6800.0    2.40588  
   6810.0    2.40053  
   6820.0    2.39519  
   6830.0    2.38986  
   6840.0    2.38454  
   6850.0    2.37924  
   6860.0    2.37395  
   6870.0    2.36867  
   6880.0    2.36342  
   6890.0    2.35818  
   6900.0    2.35296  
   6910.0    2.34776  
   6920.0    2.34258  
   6930.0    2.33743  
   6940.0     2.3323  
   6950.0    2.32719  
   6960.0    2.32211  
   6970.0    2.31706  
   6980.0    2.31204  
   6990.0    2.30705  
   7000.0    2.30208  
   7010.0    2.29715  
   7020.0    2.29225  
   7030.0    2.28738  
   7040.0    2.28255  
   7050.0    2.27775  
   7060.0    2.27298  
   7070.0    2.26826  
   7080.0    2.26357  
   7090.0    2.25892  
   7100.0     2.2543  
   7110.0    2.24973  
   7120.0     2.2452  
   7130.0    2.24071  
   7140.0    2.23626  
   7150.0    2.23186  
   7160.0    2.22749  
   7170.0    2.22317  
   7180.0    2.21889  
   7190.0    2.21465  
   7200.0    2.21044  
   7210.0    2.20627  
   7220.0    2.20213  
   7230.0    2.19803  
   7240.0    2.19396  
   7250.0    2.18992  
   7260.0    2.18591  
   7270.0    2.18193  
   7280.0    2.17798  
   7290.0    2.17406  
   7300.0    2.17016  
   7310.0    2.16629  
   7320.0    2.16244  
   7330.0    2.15861  
   7340.0    2.15481  
   7350.0    2.15102  
   7360.0    2.14726  
   7370.0    2.14351  
   7380.0    2.13979  
   7390.0    2.13608  
   7400.0    2.13238  
   7410.0     2.1287  
   7420.0    2.12504  
   7430.0    2.12139  
   7440.0    2.11775  
   7450.0    2.11413  
   7460.0    2.11051  
   7470.0    2.10691  
   7480.0    2.10331  
   7490.0    2.09973  
   7500.0    2.09615  
   7510.0    2.09258  
   7520.0    2.08901  
   7530.0    2.08545  
   7540.0     2.0819  
   7550.0    2.07835  
   7560.0     2.0748  
   7570.0    2.07126  
   7580.0    2.06772  
   7590.0    2.06418  
   7600.0    2.06064  
   7610.0     2.0571  
   7620.0    2.05356  
   7630.0    2.05002  
   7640.0    2.04648  
   7650.0    2.04294  
   7660.0    2.03939  
   7670.0    2.03584  
   7680.0    2.03228  
   7690.0    2.02872  
   7700.0    2.02516  
   7710.0    2.02159  
   7720.0    2.01801  
   7730.0    2.01443  
   7740.0    2.01085  
   7750.0    2.00726  
   7760.0    2.00366  
   7770.0    2.00006  
   7780.0    1.99646  
   7790.0    1.99285  
   7800.0    1.98924  
   7810.0    1.98563  
   7820.0    1.98201  
   7830.0    1.97838  
   7840.0    1.97476  
   7850.0    1.97113  
   7860.0     1.9675  
   7870.0    1.96386  
   7880.0    1.96022  
   7890.0    1.95658  
   7900.0    1.95293  
   7910.0    1.94929  
   7920.0    1.94564  
   7930.0    1.94198  
   7940.0    1.93833  
   7950.0    1.93467  
   7960.0    1.93101  
   7970.0    1.92735  
   7980.0    1.92369  
   7990.0    1.92002  
   8000.0    1.91636  
   8010.0    1.91269  
   8020.0    1.90902  
   8030.0    1.90535  
   8040.0    1.90168  
   8050.0      1.898  
   8060.0    1.89433  
   8070.0    1.89065  
   8080.0    1.88698  
   8090.0     1.8833  
   8100.0    1.87962  
   8110.0    1.87594  
   8120.0    1.87227  
   8130.0    1.86859  
   8140.0    1.86491  
   8150.0    1.86123  
   8160.0    1.85755  
   8170.0    1.85386  
   8180.0    1.85018  
   8190.0     1.8465  
   8200.0    1.84282  
   8210.0    1.83914  
   8220.0    1.83546  
   8230.0    1.83178  
   8240.0     1.8281  
   8250.0    1.82443  
   8260.0    1.82075  
   8270.0    1.81707  
   8280.0    1.81339  
   8290.0    1.80972  
   8300.0    1.80604  
   8310.0    1.80237  
   8320.0     1.7987  
   8330.0    1.79502  
   8340.0    1.79135  
   8350.0    1.78768  
   8360.0    1.78402  
   8370.0    1.78035  
   8380.0    1.77669  
   8390.0    1.77303  
   8400.0    1.76937  
   8410.0    1.76572  
   8420.0    1.76208  
   8430.0    1.75843  
   8440.0     1.7548  
   8450.0    1.75117  
   8460.0    1.74754  
   8470.0    1.74392  
   8480.0    1.74031  
   8490.0    1.73671  
   8500.0    1.73311  
   8510.0    1.72952  
   8520.0    1.72594  
   8530.0    1.72237  
   8540.0    1.71881  
   8550.0    1.71526  
   8560.0    1.71171  
   8570.0    1.70818  
   8580.0    1.70465  
   8590.0    1.70114  
   8600.0    1.69764  
   8610.0    1.69415  
   8620.0    1.69067  
   8630.0     1.6872  
   8640.0    1.68375  
   8650.0    1.68031  
   8660.0    1.67688  
   8670.0    1.67346  
   8680.0    1.67006  
   8690.0    1.66667  
   8700.0    1.66329  
   8710.0    1.65993  
   8720.0    1.65659  
   8730.0    1.65325  
   8740.0    1.64994  
   8750.0    1.64663  
   8760.0    1.64335  
   8770.0    1.64008  
   8780.0    1.63682  
   8790.0    1.63358  
   8800.0    1.63036  
   8810.0    1.62715  
   8820.0    1.62397  
   8830.0    1.62079  
   8840.0    1.61764  
   8850.0     1.6145  
   8860.0    1.61138  
   8870.0    1.60828  
   8880.0     1.6052  
   8890.0    1.60213  
   8900.0    1.59908  
   8910.0    1.59606  
   8920.0    1.59305  
   8930.0    1.59006  
   8940.0    1.58708  
   8950.0    1.58413  
   8960.0     1.5812  
   8970.0    1.57829  
   8980.0     1.5754  
   8990.0    1.57252  
   9000.0    1.56967  
   9010.0    1.56684  
   9020.0    1.56403  
   9030.0    1.56124  
   9040.0    1.55847  
   9050.0    1.55572  
   9060.0    1.55299  
   9070.0    1.55029  
   9080.0     1.5476  
   9090.0    1.54494  
   9100.0     1.5423  
   9110.0    1.53968  
   9120.0    1.53708  
   9130.0     1.5345  
   9140.0    1.53194  
   9150.0     1.5294  
   9160.0    1.52688  
   9170.0    1.52438  
   9180.0    1.52189  
   9190.0    1.51943  
   9200.0    1.51698  
   9210.0    1.51454  
   9220.0    1.51212  
   9230.0    1.50972  
   9240.0    1.50733  
   9250.0    1.50496  
   9260.0     1.5026  
   9270.0    1.50026  
   9280.0    1.49792  
   9290.0     1.4956  
   9300.0     1.4933  
   9310.0      1.491  
   9320.0    1.48872  
   9330.0    1.48645  
   9340.0    1.48419  
   9350.0    1.48194  
   9360.0     1.4797  
   9370.0    1.47747  
   9380.0    1.47525  
   9390.0    1.47304  
   9400.0    1.47084  
   9410.0    1.46864  
   9420.0    1.46645  
   9430.0    1.46428  
   9440.0     1.4621  
   9450.0    1.45994  
   9460.0    1.45778  
   9470.0    1.45563  
   9480.0    1.45348  
   9490.0    1.45134  
   9500.0    1.44921  
   9510.0    1.44707  
   9520.0    1.44495  
   9530.0    1.44283  
   9540.0    1.44071  
   9550.0    1.43859  
   9560.0    1.43648  
   9570.0    1.43437  
   9580.0    1.43227  
   9590.0    1.43017  
   9600.0    1.42807  
   9610.0    1.42597  
   9620.0    1.42387  
   9630.0    1.42177  
   9640.0    1.41968  
   9650.0    1.41758  
   9660.0    1.41549  
   9670.0     1.4134  
   9680.0     1.4113  
   9690.0    1.40921  
   9700.0    1.40712  
   9710.0    1.40502  
   9720.0    1.40292  
   9730.0    1.40083  
   9740.0    1.39873  
   9750.0    1.39663  
   9760.0    1.39452  
   9770.0    1.39242  
   9780.0    1.39031  
   9790.0     1.3882  
   9800.0    1.38609  
   9810.0    1.38397  
   9820.0    1.38185  
   9830.0    1.37973  
   9840.0     1.3776  
   9850.0    1.37547  
   9860.0    1.37334  
   9870.0     1.3712  
   9880.0    1.36906  
   9890.0    1.36691  
   9900.0    1.36476  
   9910.0     1.3626  
   9920.0    1.36043  
   9930.0    1.35826  
   9940.0    1.35608  
   9950.0    1.35389  
   9960.0     1.3517  
   9970.0    1.34951  
   9980.0    1.34731  
   9990.0     1.3451  
  10000.0     1.3429  
  10010.0    1.34069  
  10020.0    1.33849  
  10030.0    1.33628  
  10040.0    1.33407  
  10050.0    1.33185  
  10060.0    1.32964  
  10070.0    1.32742  
  10080.0    1.32521  
  10090.0    1.32299  
  10100.0    1.32077  
  10110.0    1.31855  
  10120.0    1.31633  
  10130.0    1.31411  
  10140.0    1.31188  
  10150.0    1.30966  
  10160.0    1.30743  
  10170.0     1.3052  
  10180.0    1.30298  
  10190.0    1.30075  
  10200.0    1.29852  
  10210.0    1.29628  
  10220.0    1.29405  
  10230.0    1.29182  
  10240.0    1.28959  
  10250.0    1.28735  
  10260.0    1.28512  
  10270.0    1.28288  
  10280.0    1.28065  
  10290.0    1.27841  
  10300.0    1.27617  
  10310.0    1.27393  
  10320.0     1.2717  
  10330.0    1.26946  
  10340.0    1.26722  
  10350.0    1.26498  
  10360.0    1.26274  
  10370.0     1.2605  
  10380.0    1.25826  
  10390.0    1.25602  
  10400.0    1.25378  
  10410.0    1.25154  
  10420.0     1.2493  
  10430.0    1.24705  
  10440.0    1.24481  
  10450.0    1.24257  
  10460.0    1.24033  
  10470.0    1.23809  
  10480.0    1.23585  
  10490.0    1.23361  
  10500.0    1.23137  
  10510.0    1.22913  
  10520.0    1.22689  
  10530.0    1.22465  
  10540.0    1.22241  
  10550.0    1.22017  
  10560.0    1.21793  
  10570.0    1.21569  
  10580.0    1.21345  
  10590.0    1.21122  
  10600.0    1.20898  
  10610.0    1.20674  
  10620.0    1.20451  
  10630.0    1.20227  
  10640.0    1.20004  
  10650.0     1.1978  
  10660.0    1.19557  
  10670.0    1.19334  
  10680.0    1.19111  
  10690.0    1.18888  
  10700.0    1.18665  
  10710.0    1.18442  
  10720.0    1.18219  
  10730.0    1.17997  
  10740.0    1.17774  
  10750.0    1.17552  
  10760.0    1.17329  
  10770.0    1.17107  
  10780.0    1.16885  
  10790.0    1.16663  
  10800.0    1.16441  
  10810.0     1.1622  
  10820.0    1.15998  
  10830.0    1.15777  
  10840.0    1.15555  
  10850.0    1.15334  
  10860.0    1.15113  
  10870.0    1.14893  
  10880.0    1.14672  
  10890.0    1.14451  
  10900.0    1.14231  
  10910.0    1.14011  
  10920.0    1.13791  
  10930.0    1.13571  
  10940.0    1.13351  
  10950.0    1.13132  
  10960.0    1.12913  
  10970.0    1.12694  
  10980.0    1.12475  
  10990.0    1.12256  
  11000.0    1.12038  
  11010.0    1.11819  
  11020.0    1.11601  
  11030.0    1.11383  
  11040.0    1.11166  
  11050.0    1.10948  
  11060.0    1.10731  
  11070.0    1.10514  
  11080.0    1.10298  
  11090.0    1.10081  
  11100.0    1.09865  
  11110.0    1.09649  
  11120.0    1.09433  
  11130.0    1.09217  
  11140.0    1.09002  
  11150.0    1.08787  
  11160.0    1.08572  
  11170.0    1.08358  
  11180.0    1.08144  
  11190.0     1.0793  
  11200.0    1.07716  
  11210.0    1.07503  
  11220.0     1.0729  
  11230.0    1.07077  
  11240.0    1.06864  
  11250.0    1.06652  
  11260.0     1.0644  
  11270.0    1.06228  
  11280.0    1.06017  
  11290.0    1.05806  
  11300.0    1.05595  
  11310.0    1.05385  
  11320.0    1.05175  
  11330.0    1.04965  
  11340.0    1.04756  
  11350.0    1.04547  
  11360.0    1.04338  
  11370.0    1.04129  
  11380.0    1.03921  
  11390.0    1.03713  
  11400.0    1.03506  
  11410.0    1.03299  
  11420.0    1.03092  
  11430.0    1.02886  
  11440.0     1.0268  
  11450.0    1.02474  
  11460.0    1.02269  
  11470.0    1.02064  
  11480.0     1.0186  
  11490.0    1.01656  
  11500.0    1.01452  
  11510.0    1.01249  
  11520.0    1.01046  
  11530.0    1.00843  
  11540.0    1.00641  
  11550.0     1.0044  
  11560.0    1.00238  
  11570.0    1.00037  
  11580.0   0.998368  
  11590.0   0.996367  
  11600.0   0.994371  
  11610.0   0.992379  
  11620.0   0.990391  
  11630.0   0.988407  
  11640.0   0.986428  
  11650.0   0.984453  
  11660.0   0.982483  
  11670.0   0.980517  
  11680.0   0.978555  
  11690.0   0.976599  
  11700.0   0.974646  
  11710.0   0.972699  
  11720.0   0.970756  
  11730.0   0.968818  
  11740.0   0.966884  
  11750.0   0.964955  
  11760.0   0.963031  
  11770.0   0.961112  
  11780.0   0.959198  
  11790.0   0.957289  
  11800.0   0.955384  
  11810.0   0.953485  
  11820.0   0.951591  
  11830.0   0.949702  
  11840.0   0.947817  
  11850.0   0.945938  
  11860.0   0.944065  
  11870.0   0.942196  
  11880.0   0.940333  
  11890.0   0.938475  
  11900.0   0.936622  
  11910.0   0.934775  
  11920.0   0.932933  
  11930.0   0.931096  
  11940.0   0.929265  
  11950.0    0.92744  
  11960.0    0.92562  
  11970.0   0.923805  
  11980.0   0.921996  
  11990.0   0.920193  
  12000.0   0.918396  
  12010.0   0.916604  
  12020.0   0.914818  
  12030.0   0.913038  
  12040.0   0.911264  
  12050.0   0.909495  
  12060.0   0.907733  
  12070.0   0.905976  
  12080.0   0.904226  
  12090.0   0.902481  
  12100.0   0.900742  
  12110.0    0.89901  
  12120.0   0.897284  
  12130.0   0.895564  
  12140.0    0.89385  
  12150.0   0.892142  
  12160.0   0.890441  
  12170.0   0.888746  
  12180.0   0.887057  
  12190.0   0.885375  
  12200.0   0.883699  
  12210.0   0.882029  
  12220.0   0.880366  
  12230.0    0.87871  
  12240.0    0.87706  
  12250.0   0.875417  
  12260.0    0.87378  
  12270.0   0.872151  
  12280.0   0.870527  
  12290.0   0.868911  
  12300.0   0.867302  
  12310.0   0.865699  
  12320.0   0.864103  
  12330.0   0.862514  
  12340.0   0.860932  
  12350.0   0.859357  
  12360.0   0.857789  
  12370.0   0.856227  
  12380.0   0.854673  
  12390.0   0.853125  
  12400.0   0.851584  
  12410.0   0.850051  
  12420.0   0.848523  
  12430.0   0.847003  
  12440.0    0.84549  
  12450.0   0.843983  
  12460.0   0.842483  
  12470.0   0.840989  
  12480.0   0.839503  
  12490.0   0.838023  
  12500.0   0.836549  
  12510.0   0.835082  
  12520.0   0.833622  
  12530.0   0.832169  
  12540.0   0.830722  
  12550.0   0.829281  
  12560.0   0.827847  
  12570.0    0.82642  
  12580.0   0.824999  
  12590.0   0.823584  
  12600.0   0.822177  
  12610.0   0.820775  
  12620.0    0.81938  
  12630.0   0.817991  
  12640.0   0.816609  
  12650.0   0.815233  
  12660.0   0.813863  
  12670.0     0.8125  
  12680.0   0.811143  
  12690.0   0.809792  
  12700.0   0.808448  
  12710.0   0.807109  
  12720.0   0.805777  
  12730.0   0.804452  
  12740.0   0.803132  
  12750.0   0.801818  
  12760.0   0.800511  
  12770.0    0.79921  
  12780.0   0.797915  
  12790.0   0.796626  
  12800.0   0.795343  
  12810.0   0.794066  
  12820.0   0.792796  
  12830.0   0.791531  
  12840.0   0.790272  
  12850.0   0.789019  
  12860.0   0.787772  
  12870.0   0.786531  
  12880.0   0.785296  
  12890.0   0.784067  
  12900.0   0.782844  
  12910.0   0.781627  
  12920.0   0.780415  
  12930.0    0.77921  
  12940.0    0.77801  
  12950.0   0.776816  
  12960.0   0.775627  
  12970.0   0.774445  
  12980.0   0.773268  
  12990.0   0.772097  
  13000.0   0.770931  
  13010.0   0.769772  
  13020.0   0.768618  
  13030.0   0.767469  
  13040.0   0.766326  
  13050.0   0.765189  
  13060.0   0.764057  
  13070.0   0.762931  
  13080.0   0.761811  
  13090.0   0.760695  
  13100.0   0.759586  
  13110.0   0.758482  
  13120.0   0.757383  
  13130.0    0.75629  
  13140.0   0.755202  
  13150.0    0.75412  
  13160.0   0.753043  
  13170.0   0.751971  
  13180.0   0.750905  
  13190.0   0.749844  
  13200.0   0.748788  
  13210.0   0.747738  
  13220.0   0.746693  
  13230.0   0.745653  
  13240.0   0.744618  
  13250.0   0.743589  
  13260.0   0.742565  
  13270.0   0.741546  
  13280.0   0.740532  
  13290.0   0.739523  
  13300.0    0.73852  
  13310.0   0.737521  
  13320.0   0.736528  
  13330.0   0.735539  
  13340.0   0.734556  
  13350.0   0.733578  
  13360.0   0.732604  
  13370.0   0.731636  
  13380.0   0.730673  
  13390.0   0.729714  
  13400.0   0.728761  
  13410.0   0.727812  
  13420.0   0.726868  
  13430.0    0.72593  
  13440.0   0.724996  
  13450.0   0.724066  
  13460.0   0.723142  
  13470.0   0.722223  
  13480.0   0.721308  
  13490.0   0.720398  
  13500.0   0.719493  
  13510.0   0.718592  
  13520.0   0.717696  
  13530.0   0.716805  
  13540.0   0.715918  
  13550.0   0.715036  
  13560.0   0.714159  
  13570.0   0.713287  
  13580.0   0.712418  
  13590.0   0.711555  
  13600.0   0.710696  
  13610.0   0.709841  
  13620.0   0.708991  
  13630.0   0.708146  
  13640.0   0.707305  
  13650.0   0.706468  
  13660.0   0.705636  
  13670.0   0.704808  
  13680.0   0.703985  
  13690.0   0.703166  
  13700.0   0.702351  
  13710.0   0.701541  
  13720.0   0.700735  
  13730.0   0.699933  
  13740.0   0.699136  
  13750.0   0.698343  
  13760.0   0.697554  
  13770.0   0.696769  
  13780.0   0.695989  
  13790.0   0.695212  
  13800.0    0.69444  
  13810.0   0.693672  
  13820.0   0.692908  
  13830.0   0.692149  
  13840.0   0.691393  
  13850.0   0.690641  
  13860.0   0.689894  
  13870.0    0.68915  
  13880.0   0.688411  
  13890.0   0.687675  
  13900.0   0.686943  
  13910.0   0.686216  
  13920.0   0.685492  
  13930.0   0.684772  
  13940.0   0.684056  
  13950.0   0.683344  
  13960.0   0.682636  
  13970.0   0.681932  
  13980.0   0.681231  
  13990.0   0.680534  
  14000.0   0.679841  
  14010.0   0.679152  
  14020.0   0.678467  
  14030.0   0.677785  
  14040.0   0.677107  
  14050.0   0.676433  
  14060.0   0.675762  
  14070.0   0.675095  
  14080.0   0.674431  
  14090.0   0.673772  
  14100.0   0.673115  
  14110.0   0.672463  
  14120.0   0.671814  
  14130.0   0.671168  
  14140.0   0.670526  
  14150.0   0.669887  
  14160.0   0.669252  
  14170.0   0.668621  
  14180.0   0.667992  
  14190.0   0.667367  
  14200.0   0.666746  
  14210.0   0.666128  
  14220.0   0.665513  
  14230.0   0.664902  
  14240.0   0.664294  
  14250.0   0.663689  
  14260.0   0.663088  
  14270.0    0.66249  
  14280.0   0.661895  
  14290.0   0.661303  
  14300.0   0.660714  
  14310.0   0.660129  
  14320.0   0.659547  
  14330.0   0.658968  
  14340.0   0.658392  
  14350.0   0.657819  
  14360.0   0.657249  
  14370.0   0.656683  
  14380.0   0.656119  
  14390.0   0.655559  
  14400.0   0.655001  
  14410.0   0.654447  
  14420.0   0.653895  
  14430.0   0.653346  
  14440.0   0.652801  
  14450.0   0.652258  
  14460.0   0.651718  
  14470.0   0.651181  
  14480.0   0.650647  
  14490.0   0.650116  
  14500.0   0.649587  
  14510.0   0.649062  
  14520.0   0.648539  
  14530.0   0.648019  
  14540.0   0.647501  
  14550.0   0.646987  
  14560.0   0.646475  
  14570.0   0.645965  
  14580.0   0.645459  
  14590.0   0.644955  
  14600.0   0.644454  
  14610.0   0.643955  
  14620.0   0.643459  
  14630.0   0.642965  
  14640.0   0.642474  
  14650.0   0.641986  
  14660.0     0.6415  
  14670.0   0.641017  
  14680.0   0.640536  
  14690.0   0.640057  
  14700.0   0.639581  
  14710.0   0.639108  
  14720.0   0.638636  
  14730.0   0.638167  
  14740.0   0.637701  
  14750.0   0.637237  
  14760.0   0.636775  
  14770.0   0.636316  
  14780.0   0.635858  
  14790.0   0.635403  
  14800.0   0.634951  
  14810.0     0.6345  
  14820.0   0.634052  
  14830.0   0.633606  
  14840.0   0.633162  
  14850.0    0.63272  
  14860.0    0.63228  
  14870.0   0.631843  
  14880.0   0.631408  
  14890.0   0.630974  
  14900.0   0.630543  
  14910.0   0.630114  
  14920.0   0.629686  
  14930.0   0.629261  
  14940.0   0.628838  
  14950.0   0.628417  
  14960.0   0.627997  
  14970.0    0.62758  
  14980.0   0.627164  
  14990.0   0.626751  
  15000.0   0.626339  
  15010.0   0.625929  
  15020.0   0.625521  
  15030.0   0.625115  
  15040.0    0.62471  
  15050.0   0.624307  
  15060.0   0.623906  
  15070.0   0.623507  
  15080.0    0.62311  
  15090.0   0.622714  
  15100.0    0.62232  
  15110.0   0.621927  
  15120.0   0.621536  
  15130.0   0.621147  
  15140.0   0.620759  
  15150.0   0.620373  
  15160.0   0.619989  
  15170.0   0.619606  
  15180.0   0.619224  
  15190.0   0.618844  
  15200.0   0.618466  
  15210.0   0.618089  
  15220.0   0.617713  
  15230.0   0.617339  
  15240.0   0.616966  
  15250.0   0.616595  
  15260.0   0.616225  
  15270.0   0.615856  
  15280.0   0.615489  
  15290.0   0.615123  
  15300.0   0.614758  
  15310.0   0.614395  
  15320.0   0.614033  
  15330.0   0.613672  
  15340.0   0.613312  
  15350.0   0.612953  
  15360.0   0.612596  
  15370.0    0.61224  
  15380.0   0.611885  
  15390.0   0.611531  
  15400.0   0.611178  
  15410.0   0.610826  
  15420.0   0.610475  
  15430.0   0.610126  
  15440.0   0.609777  
  15450.0    0.60943  
  15460.0   0.609083  
  15470.0   0.608737  
  15480.0   0.608393  
  15490.0   0.608049  
  15500.0   0.607706  
  15510.0   0.607364  
  15520.0   0.607023  
  15530.0   0.606682  
  15540.0   0.606343  
  15550.0   0.606004  
  15560.0   0.605666  
  15570.0   0.605329  
  15580.0   0.604993  
  15590.0   0.604657  
  15600.0   0.604322  
  15610.0   0.603988  
  15620.0   0.603655  
  15630.0   0.603322  
  15640.0    0.60299  
  15650.0   0.602658  
  15660.0   0.602327  
  15670.0   0.601997  
  15680.0   0.601667  
  15690.0   0.601338  
  15700.0   0.601009  
  15710.0   0.600681  
  15720.0   0.600353  
  15730.0   0.600026  
  15740.0   0.599699  
  15750.0   0.599373  
  15760.0   0.599047  
  15770.0   0.598721  
  15780.0   0.598396  
  15790.0   0.598071  
  15800.0   0.597746  
  15810.0   0.597422  
  15820.0   0.597098  
  15830.0   0.596775  
  15840.0   0.596451  
  15850.0   0.596128  
  15860.0   0.595805  
  15870.0   0.595482  
  15880.0    0.59516  
  15890.0   0.594838  
  15900.0   0.594515  
  15910.0   0.594193  
  15920.0   0.593871  
  15930.0   0.593549  
  15940.0   0.593227  
  15950.0   0.592906  
  15960.0   0.592584  
  15970.0   0.592262  
  15980.0    0.59194  
  15990.0   0.591619  
  16000.0   0.591297  
  16010.0   0.590975  
  16020.0   0.590653  
  16030.0   0.590331  
  16040.0   0.590008  
  16050.0   0.589686  
  16060.0   0.589363  
  16070.0   0.589041  
  16080.0   0.588718  
  16090.0   0.588395  
  16100.0   0.588071  
  16110.0   0.587748  
  16120.0   0.587424  
  16130.0     0.5871  
  16140.0   0.586775  
  16150.0    0.58645  
  16160.0   0.586125  
  16170.0   0.585799  
  16180.0   0.585473  
  16190.0   0.585147  
  16200.0    0.58482  
  16210.0   0.584493  
  16220.0   0.584165  
  16230.0   0.583837  
  16240.0   0.583508  
  16250.0   0.583179  
  16260.0   0.582849  
  16270.0   0.582519  
  16280.0   0.582188  
  16290.0   0.581857  
  16300.0   0.581525  
  16310.0   0.581193  
  16320.0    0.58086  
  16330.0   0.580527  
  16340.0   0.580193  
  16350.0   0.579859  
  16360.0   0.579524  
  16370.0   0.579189  
  16380.0   0.578853  
  16390.0   0.578517  
  16400.0    0.57818  
  16410.0   0.577843  
  16420.0   0.577505  
  16430.0   0.577167  
  16440.0   0.576828  
  16450.0   0.576489  
  16460.0   0.576149  
  16470.0   0.575809  
  16480.0   0.575468  
  16490.0   0.575127  
  16500.0   0.574786  
  16510.0   0.574444  
  16520.0   0.574101  
  16530.0   0.573758  
  16540.0   0.573414  
  16550.0    0.57307  
  16560.0   0.572726  
  16570.0   0.572381  
  16580.0   0.572035  
  16590.0   0.571689  
  16600.0   0.571343  
  16610.0   0.570996  
  16620.0   0.570648  
  16630.0   0.570301  
  16640.0   0.569952  
  16650.0   0.569604  
  16660.0   0.569254  
  16670.0   0.568905  
  16680.0   0.568554  
  16690.0   0.568204  
  16700.0   0.567852  
  16710.0   0.567501  
  16720.0   0.567149  
  16730.0   0.566796  
  16740.0   0.566443  
  16750.0    0.56609  
  16760.0   0.565736  
  16770.0   0.565382  
  16780.0   0.565027  
  16790.0   0.564671  
  16800.0   0.564316  
  16810.0   0.563959  
  16820.0   0.563603  
  16830.0   0.563246  
  16840.0   0.562888  
  16850.0    0.56253  
  16860.0   0.562171  
  16870.0   0.561813  
  16880.0   0.561453  
  16890.0   0.561093  
  16900.0   0.560733  
  16910.0   0.560372  
  16920.0   0.560011  
  16930.0    0.55965  
  16940.0   0.559287  
  16950.0   0.558925  
  16960.0   0.558562  
  16970.0   0.558199  
  16980.0   0.557835  
  16990.0   0.557471  
  17000.0   0.557106  
  17010.0   0.556741  
  17020.0   0.556375  
  17030.0   0.556009  
  17040.0   0.555643  
  17050.0   0.555276  
  17060.0   0.554908  
  17070.0   0.554541  
  17080.0   0.554172  
  17090.0   0.553804  
  17100.0   0.553435  
  17110.0   0.553065  
  17120.0   0.552695  
  17130.0   0.552325  
  17140.0   0.551954  
  17150.0   0.551583  
  17160.0   0.551211  
  17170.0   0.550839  
  17180.0   0.550467  
  17190.0   0.550094  
  17200.0   0.549721  
  17210.0   0.549347  
  17220.0   0.548973  
  17230.0   0.548598  
  17240.0   0.548223  
  17250.0   0.547848  
  17260.0   0.547472  
  17270.0   0.547096  
  17280.0   0.546719  
  17290.0   0.546342  
  17300.0   0.545965  
  17310.0   0.545587  
  17320.0   0.545209  
  17330.0    0.54483  
  17340.0   0.544451  
  17350.0   0.544072  
  17360.0   0.543692  
  17370.0   0.543311  
  17380.0   0.542931  
  17390.0    0.54255  
  17400.0   0.542168  
  17410.0   0.541786  
  17420.0   0.541404  
  17430.0   0.541021  
  17440.0   0.540638  
  17450.0   0.540255  
  17460.0   0.539871  
  17470.0   0.539486  
  17480.0   0.539102  
  17490.0   0.538717  
  17500.0   0.538331  
  17510.0   0.537945  
  17520.0   0.537559  
  17530.0   0.537172  
  17540.0   0.536785  
  17550.0   0.536398  
  17560.0    0.53601  
  17570.0   0.535622  
  17580.0   0.535233  
  17590.0   0.534844  
  17600.0   0.534455  
  17610.0   0.534065  
  17620.0   0.533675  
  17630.0   0.533285  
  17640.0   0.532894  
  17650.0   0.532503  
  17660.0   0.532111  
  17670.0   0.531719  
  17680.0   0.531326  
  17690.0   0.530934  
  17700.0   0.530541  
  17710.0   0.530147  
  17720.0   0.529753  
  17730.0   0.529359  
  17740.0   0.528964  
  17750.0   0.528569  
  17760.0   0.528174  
  17770.0   0.527778  
  17780.0   0.527382  
  17790.0   0.526986  
  17800.0   0.526589  
  17810.0   0.526192  
  17820.0   0.525794  
  17830.0   0.525396  
  17840.0   0.524998  
  17850.0   0.524599  
  17860.0     0.5242  
  17870.0   0.523801  
  17880.0   0.523401  
  17890.0   0.523001  
  17900.0   0.522601  
  17910.0     0.5222  
  17920.0   0.521799  
  17930.0   0.521397  
  17940.0   0.520995  
  17950.0   0.520593  
  17960.0   0.520191  
  17970.0   0.519788  
  17980.0   0.519385  
  17990.0   0.518981  
  18000.0   0.518577  
  18010.0   0.518173  
  18020.0   0.517768  
  18030.0   0.517363  
  18040.0   0.516958  
  18050.0   0.516552  
  18060.0   0.516146  
  18070.0    0.51574  
  18080.0   0.515333  
  18090.0   0.514926  
  18100.0   0.514519  
  18110.0   0.514111  
  18120.0   0.513703  
  18130.0   0.513295  
  18140.0   0.512886  
  18150.0   0.512477  
  18160.0   0.512068  
  18170.0   0.511658  
  18180.0   0.511248  
  18190.0   0.510837  
  18200.0   0.510427  
  18210.0   0.510016  
  18220.0   0.509605  
  18230.0   0.509193  
  18240.0   0.508781  
  18250.0   0.508369  
  18260.0   0.507956  
  18270.0   0.507543  
  18280.0    0.50713  
  18290.0   0.506716  
  18300.0   0.506302  
  18310.0   0.505888  
  18320.0   0.505473  
  18330.0   0.505059  
  18340.0   0.504643  
  18350.0   0.504228  
  18360.0   0.503812  
  18370.0   0.503396  
  18380.0    0.50298  
  18390.0   0.502563  
  18400.0   0.502146  
  18410.0   0.501728  
  18420.0   0.501311  
  18430.0   0.500893  
  18440.0   0.500475  
  18450.0   0.500056  
  18460.0   0.499637  
  18470.0   0.499218  
  18480.0   0.498798  
  18490.0   0.498379  
  18500.0   0.497959  
  18510.0   0.497538  
  18520.0   0.497117  
  18530.0   0.496696  
  18540.0   0.496275  
  18550.0   0.495854  
  18560.0   0.495432  
  18570.0    0.49501  
  18580.0   0.494587  
  18590.0   0.494164  
  18600.0   0.493741  
  18610.0   0.493318  
  18620.0   0.492894  
  18630.0    0.49247  
  18640.0   0.492046  
  18650.0   0.491622  
  18660.0   0.491197  
  18670.0   0.490772  
  18680.0   0.490346  
  18690.0   0.489921  
  18700.0   0.489495  
  18710.0   0.489069  
  18720.0   0.488642  
  18730.0   0.488216  
  18740.0   0.487789  
  18750.0   0.487361  
  18760.0   0.486934  
  18770.0   0.486506  
  18780.0   0.486078  
  18790.0   0.485649  
  18800.0   0.485221  
  18810.0   0.484792  
  18820.0   0.484362  
  18830.0   0.483933  
  18840.0   0.483503  
  18850.0   0.483073  
  18860.0   0.482643  
  18870.0   0.482212  
  18880.0   0.481781  
  18890.0    0.48135  
  18900.0   0.480919  
  18910.0   0.480487  
  18920.0   0.480055  
  18930.0   0.479623  
  18940.0   0.479191  
  18950.0   0.478758  
  18960.0   0.478325  
  18970.0   0.477892  
  18980.0   0.477459  
  18990.0   0.477025  
  19000.0   0.476591  
  19010.0   0.476157  
  19020.0   0.475722  
  19030.0   0.475288  
  19040.0   0.474853  
  19050.0   0.474418  
  19060.0   0.473982  
  19070.0   0.473546  
  19080.0   0.473111  
  19090.0   0.472674  
  19100.0   0.472238  
  19110.0   0.471801  
  19120.0   0.471364  
  19130.0   0.470927  
  19140.0    0.47049  
  19150.0   0.470052  
  19160.0   0.469614  
  19170.0   0.469176  
  19180.0   0.468738  
  19190.0   0.468299  
  19200.0    0.46786  
  19210.0   0.467421  
  19220.0   0.466982  
  19230.0   0.466542  
  19240.0   0.466103  
  19250.0   0.465663  
  19260.0   0.465222  
  19270.0   0.464782  
  19280.0   0.464341  
  19290.0     0.4639  
  19300.0   0.463459  
  19310.0   0.463018  
  19320.0   0.462576  
  19330.0   0.462134  
  19340.0   0.461692  
  19350.0    0.46125  
  19360.0   0.460808  
  19370.0   0.460365  
  19380.0   0.459922  
  19390.0   0.459479  
  19400.0   0.459035  
  19410.0   0.458592  
  19420.0   0.458148  
  19430.0   0.457704  
  19440.0    0.45726  
  19450.0   0.456815  
  19460.0   0.456371  
  19470.0   0.455926  
  19480.0   0.455481  
  19490.0   0.455035  
  19500.0    0.45459  
  19510.0   0.454144  
  19520.0   0.453698  
  19530.0   0.453252  
  19540.0   0.452806  
  19550.0   0.452359  
  19560.0   0.451913  
  19570.0   0.451466  
  19580.0   0.451019  
  19590.0   0.450571  
  19600.0   0.450124  
  19610.0   0.449676  
  19620.0   0.449228  
  19630.0    0.44878  
  19640.0   0.448332  
  19650.0   0.447883  
  19660.0   0.447435  
  19670.0   0.446986  
  19680.0   0.446537  
  19690.0   0.446087  
  19700.0   0.445638  
  19710.0   0.445188  
  19720.0   0.444738  
  19730.0   0.444288  
  19740.0   0.443838  
  19750.0   0.443388  
  19760.0   0.442937  
  19770.0   0.442486  
  19780.0   0.442036  
  19790.0   0.441584  
  19800.0   0.441133  
  19810.0   0.440682  
  19820.0    0.44023  
  19830.0   0.439778  
  19840.0   0.439326  
  19850.0   0.438874  
  19860.0   0.438422  
  19870.0   0.437969  
  19880.0   0.437516  
  19890.0   0.437063  
  19900.0    0.43661  
  19910.0   0.436157  
  19920.0   0.435704  
  19930.0    0.43525  
  19940.0   0.434796  
  19950.0   0.434342  
  19960.0   0.433888  
  19970.0   0.433434  
  19980.0    0.43298  
  19990.0   0.432525  
