
pix     l0p7  l0p8  l0p9  l1p0  l1p1  l1p2  l1p3  l1p4  l1p5  l1p6  l1p7
    1   0.435 0.417 0.398 0.381 0.365 0.348 0.331 0.314 0.299 0.283 0.267
    2   0.728 0.707 0.679 0.648 0.618 0.592 0.571 0.554 0.545 0.534 0.524
    3   0.815 0.811 0.802 0.790 0.776 0.757 0.733 0.706 0.682 0.655 0.631
    5   0.872 0.868 0.858 0.849 0.844 0.840 0.836 0.830 0.830 0.826 0.821
    7   0.905 0.900 0.894 0.888 0.882 0.872 0.862 0.855 0.856 0.854 0.852
    9   0.927 0.924 0.917 0.909 0.904 0.898 0.893 0.888 0.886 0.876 0.868
   11   0.941 0.939 0.934 0.928 0.921 0.914 0.910 0.905 0.905 0.901 0.897
   13   0.951 0.951 0.946 0.941 0.936 0.930 0.924 0.917 0.919 0.915 0.911
   15   0.957 0.958 0.955 0.951 0.946 0.942 0.936 0.931 0.931 0.925 0.921
   17   0.961 0.963 0.962 0.958 0.955 0.950 0.945 0.942 0.942 0.938 0.933
   19   0.964 0.967 0.966 0.964 0.961 0.958 0.954 0.949 0.951 0.947 0.942
   21   0.967 0.969 0.969 0.967 0.965 0.963 0.960 0.956 0.957 0.953 0.950
   23   0.970 0.972 0.971 0.970 0.969 0.967 0.964 0.961 0.964 0.960 0.956
   25   0.972 0.974 0.973 0.972 0.971 0.970 0.968 0.965 0.968 0.965 0.962
   51   0.993 0.993 0.991 0.990 0.988 0.987 0.986 0.985 0.988 0.987 0.986
  101   0.998 0.999 0.998 0.998 0.997 0.997 0.996 0.996 0.998 0.997 0.997
