   pixel  F200LP   F218W   F225W   F275W   F280N   F300X   F336W   F343N  F350LP   F373N   F390M   F390W   F395N   F410M   F438W   F467M   F469N   F475W   F475X   F487N   F502N   F547M   F555W  F600LP   F606W   F621M   F625W   F631N   F645N   F656N   F657N   F658N   F665N   F673N   F680N   F689M   F763M   F775W   F814W   F845M  F850LP   F953N
 3.00000 0.67050 0.68053 0.68544 0.70619 0.71827 0.69894 0.73045 0.73468 0.72509 0.75070 0.74500 0.74030 0.74282 0.74642 0.74640 0.75583 0.74703 0.74580 0.73807 0.75585 0.75964 0.74434 0.74506 0.71592 0.74170 0.74663 0.72973 0.74370 0.74678 0.73985 0.74242 0.73549 0.73792 0.73236 0.72914 0.72997 0.71508 0.70869 0.69275 0.68007 0.63814 0.61598
 4.00000 0.76064 0.74581 0.75307 0.77023 0.77645 0.76700 0.78953 0.79284 0.79925 0.80320 0.79820 0.79907 0.79916 0.80213 0.80627 0.81139 0.80471 0.80877 0.80707 0.81336 0.81719 0.81215 0.81192 0.80620 0.81273 0.81870 0.80957 0.81679 0.82119 0.81746 0.81836 0.81308 0.81667 0.81358 0.81377 0.81334 0.81131 0.80705 0.79515 0.79092 0.75274 0.73254
 5.00000 0.80440 0.78358 0.79145 0.80854 0.81230 0.80573 0.82525 0.82734 0.83416 0.83539 0.83054 0.83259 0.83160 0.83356 0.83840 0.84023 0.83473 0.83987 0.83960 0.84174 0.84477 0.84124 0.84223 0.84196 0.84150 0.84494 0.84087 0.84276 0.84742 0.84365 0.84367 0.84004 0.84284 0.84037 0.84237 0.84338 0.84233 0.84272 0.83801 0.83831 0.81427 0.80368
 6.00000 0.82866 0.80655 0.81441 0.83177 0.83496 0.82924 0.84962 0.85106 0.85654 0.85789 0.85318 0.85618 0.85445 0.85563 0.86118 0.86218 0.85682 0.86205 0.86182 0.86339 0.86624 0.86267 0.86387 0.85941 0.86146 0.86327 0.86073 0.86060 0.86453 0.86034 0.85952 0.85699 0.85912 0.85646 0.85849 0.85995 0.85677 0.85802 0.85554 0.85510 0.83714 0.83108
 7.00000 0.84449 0.82251 0.82998 0.84678 0.84931 0.84456 0.86547 0.86797 0.87335 0.87530 0.87012 0.87302 0.87168 0.87290 0.87793 0.87840 0.87362 0.87849 0.87860 0.87942 0.88181 0.87936 0.88047 0.87430 0.87809 0.88052 0.87781 0.87793 0.88126 0.87684 0.87578 0.87411 0.87558 0.87287 0.87392 0.87553 0.86987 0.87110 0.86867 0.86718 0.85080 0.84643
 8.00000 0.85616 0.83415 0.84133 0.85744 0.85926 0.85519 0.87602 0.87904 0.88609 0.88599 0.88226 0.88470 0.88377 0.88587 0.89058 0.89173 0.88761 0.89101 0.89099 0.89201 0.89397 0.89139 0.89303 0.88742 0.89095 0.89317 0.89081 0.89082 0.89406 0.89053 0.88915 0.88834 0.88940 0.88746 0.88869 0.88986 0.88424 0.88496 0.88206 0.87862 0.86299 0.86059
 9.00000 0.86541 0.84341 0.85034 0.86552 0.86692 0.86344 0.88391 0.88708 0.89580 0.89352 0.89084 0.89291 0.89214 0.89451 0.89928 0.90244 0.89847 0.90058 0.90044 0.90245 0.90460 0.90175 0.90308 0.89790 0.90124 0.90209 0.90033 0.89932 0.90224 0.89963 0.89759 0.89690 0.89797 0.89667 0.89814 0.89931 0.89678 0.89704 0.89408 0.89131 0.87538 0.87292
10.00000 0.87325 0.85253 0.85849 0.87206 0.87334 0.87009 0.89006 0.89318 0.90345 0.89951 0.89727 0.89942 0.89850 0.90126 0.90584 0.90973 0.90558 0.90771 0.90768 0.90954 0.91221 0.91082 0.91088 0.90616 0.90982 0.91037 0.90864 0.90690 0.90935 0.90746 0.90511 0.90431 0.90532 0.90381 0.90497 0.90655 0.90372 0.90475 0.90275 0.90101 0.88820 0.88664
11.00000 0.88017 0.86203 0.86670 0.87773 0.87863 0.87608 0.89526 0.89820 0.90961 0.90411 0.90212 0.90465 0.90333 0.90666 0.91143 0.91561 0.91150 0.91335 0.91338 0.91501 0.91765 0.91746 0.91694 0.91326 0.91686 0.91835 0.91610 0.91510 0.91704 0.91552 0.91319 0.91230 0.91325 0.91103 0.91202 0.91383 0.90939 0.91075 0.90925 0.90664 0.89724 0.89891
12.00000 0.88634 0.87108 0.87484 0.88352 0.88353 0.88205 0.89964 0.90233 0.91471 0.90872 0.90652 0.90895 0.90749 0.91105 0.91589 0.92049 0.91663 0.91811 0.91809 0.92019 0.92268 0.92266 0.92192 0.91955 0.92258 0.92426 0.92214 0.92145 0.92361 0.92316 0.92081 0.91976 0.92120 0.91881 0.91998 0.92169 0.91528 0.91696 0.91526 0.91180 0.90326 0.90601
13.00000 0.89207 0.87970 0.88260 0.88960 0.88925 0.88809 0.90326 0.90569 0.91898 0.91294 0.91078 0.91272 0.91149 0.91471 0.91966 0.92428 0.92059 0.92219 0.92217 0.92400 0.92691 0.92735 0.92616 0.92477 0.92721 0.92840 0.92681 0.92589 0.92787 0.92782 0.92583 0.92440 0.92634 0.92444 0.92582 0.92761 0.92209 0.92338 0.92132 0.91700 0.90845 0.91077
14.00000 0.89762 0.88880 0.89027 0.89548 0.89517 0.89403 0.90665 0.90871 0.92267 0.91593 0.91389 0.91596 0.91457 0.91811 0.92314 0.92774 0.92399 0.92565 0.92571 0.92709 0.93006 0.93103 0.92976 0.92907 0.93105 0.93245 0.93091 0.93006 0.93165 0.93167 0.92979 0.92761 0.93036 0.92776 0.92942 0.93152 0.92805 0.92878 0.92665 0.92266 0.91353 0.91555
15.00000 0.90289 0.89783 0.89818 0.90103 0.90020 0.89991 0.91031 0.91181 0.92593 0.91785 0.91659 0.91878 0.91727 0.92119 0.92614 0.93093 0.92729 0.92870 0.92872 0.93014 0.93321 0.93388 0.93291 0.93297 0.93436 0.93609 0.93452 0.93408 0.93566 0.93528 0.93311 0.93104 0.93432 0.93092 0.93264 0.93514 0.93192 0.93266 0.93085 0.92848 0.91915 0.92016
16.00000 0.90795 0.90636 0.90601 0.90657 0.90497 0.90592 0.91419 0.91524 0.92888 0.92006 0.91918 0.92145 0.91987 0.92360 0.92862 0.93346 0.93019 0.93142 0.93137 0.93320 0.93628 0.93664 0.93568 0.93649 0.93730 0.93907 0.93758 0.93734 0.93890 0.93880 0.93655 0.93523 0.93833 0.93445 0.93651 0.93864 0.93502 0.93561 0.93429 0.93195 0.92458 0.92622
17.00000 0.91286 0.91435 0.91360 0.91233 0.91047 0.91178 0.91797 0.91909 0.93159 0.92310 0.92200 0.92416 0.92239 0.92574 0.93079 0.93567 0.93247 0.93385 0.93369 0.93572 0.93877 0.93935 0.93810 0.93948 0.93984 0.94164 0.94030 0.93970 0.94116 0.94152 0.93943 0.93854 0.94116 0.93751 0.94032 0.94193 0.93832 0.93864 0.93741 0.93451 0.92859 0.93179
18.00000 0.91767 0.92184 0.92084 0.91807 0.91593 0.91756 0.92151 0.92271 0.93410 0.92619 0.92507 0.92692 0.92512 0.92803 0.93284 0.93766 0.93451 0.93606 0.93585 0.93796 0.94070 0.94166 0.94021 0.94194 0.94211 0.94398 0.94273 0.94171 0.94311 0.94394 0.94170 0.94100 0.94303 0.94004 0.94259 0.94439 0.94152 0.94159 0.94018 0.93727 0.93163 0.93483
19.00000 0.92238 0.92865 0.92769 0.92363 0.92097 0.92328 0.92498 0.92592 0.93648 0.92932 0.92824 0.92965 0.92778 0.93036 0.93498 0.93941 0.93681 0.93813 0.93802 0.93963 0.94258 0.94348 0.94205 0.94429 0.94413 0.94603 0.94482 0.94447 0.94524 0.94591 0.94394 0.94390 0.94509 0.94141 0.94440 0.94649 0.94399 0.94402 0.94263 0.94032 0.93447 0.93672
20.00000 0.92691 0.93485 0.93410 0.92903 0.92600 0.92880 0.92856 0.92913 0.93874 0.93155 0.93135 0.93232 0.93081 0.93276 0.93722 0.94118 0.93876 0.94014 0.94008 0.94108 0.94398 0.94521 0.94377 0.94658 0.94594 0.94773 0.94681 0.94725 0.94753 0.94830 0.94633 0.94675 0.94752 0.94329 0.94683 0.94853 0.94650 0.94604 0.94473 0.94313 0.93732 0.93926
21.00000 0.93112 0.94089 0.94000 0.93434 0.93110 0.93414 0.93219 0.93252 0.94092 0.93362 0.93408 0.93497 0.93337 0.93508 0.93945 0.94295 0.94097 0.94213 0.94211 0.94303 0.94537 0.94679 0.94543 0.94865 0.94758 0.94932 0.94870 0.94918 0.94933 0.95023 0.94852 0.94859 0.94965 0.94564 0.94944 0.95112 0.94909 0.94796 0.94677 0.94557 0.94035 0.94209
22.00000 0.93502 0.94634 0.94536 0.93940 0.93633 0.93919 0.93573 0.93613 0.94303 0.93644 0.93677 0.93763 0.93572 0.93708 0.94159 0.94465 0.94262 0.94402 0.94404 0.94447 0.94656 0.94805 0.94704 0.95035 0.94909 0.95107 0.95034 0.95112 0.95104 0.95213 0.94988 0.94971 0.95103 0.94791 0.95129 0.95309 0.95123 0.94989 0.94877 0.94737 0.94312 0.94467
23.00000 0.93875 0.95125 0.95024 0.94407 0.94148 0.94381 0.93911 0.93925 0.94508 0.93946 0.93923 0.94022 0.93796 0.93942 0.94363 0.94669 0.94469 0.94584 0.94590 0.94606 0.94773 0.94945 0.94865 0.95200 0.95054 0.95272 0.95170 0.95285 0.95275 0.95366 0.95146 0.95100 0.95256 0.94930 0.95250 0.95441 0.95328 0.95173 0.95069 0.94835 0.94533 0.94782
24.00000 0.94222 0.95575 0.95468 0.94846 0.94610 0.94803 0.94240 0.94227 0.94707 0.94226 0.94191 0.94280 0.94059 0.94182 0.94565 0.94872 0.94711 0.94764 0.94767 0.94764 0.94931 0.95087 0.95024 0.95336 0.95195 0.95422 0.95303 0.95416 0.95423 0.95515 0.95319 0.95317 0.95393 0.95081 0.95329 0.95542 0.95503 0.95336 0.95221 0.94960 0.94727 0.94991
25.00000 0.94539 0.95992 0.95872 0.95253 0.95019 0.95198 0.94566 0.94518 0.94901 0.94540 0.94499 0.94535 0.94331 0.94419 0.94771 0.95047 0.94901 0.94947 0.94945 0.94908 0.95118 0.95217 0.95177 0.95459 0.95331 0.95546 0.95445 0.95506 0.95537 0.95662 0.95466 0.95511 0.95533 0.95290 0.95427 0.95623 0.95620 0.95481 0.95370 0.95108 0.94900 0.95138
26.00000 0.94841 0.96326 0.96235 0.95630 0.95372 0.95572 0.94896 0.94808 0.95095 0.94854 0.94778 0.94784 0.94560 0.94660 0.94984 0.95212 0.95092 0.95131 0.95129 0.95098 0.95239 0.95349 0.95328 0.95572 0.95467 0.95684 0.95572 0.95631 0.95588 0.95801 0.95542 0.95682 0.95687 0.95529 0.95551 0.95681 0.95662 0.95603 0.95514 0.95262 0.95077 0.95231
27.00000 0.95117 0.96631 0.96561 0.95983 0.95774 0.95913 0.95220 0.95116 0.95286 0.95222 0.95030 0.95025 0.94779 0.94881 0.95198 0.95382 0.95270 0.95317 0.95315 0.95280 0.95317 0.95496 0.95479 0.95682 0.95604 0.95816 0.95684 0.95763 0.95652 0.95970 0.95586 0.95849 0.95795 0.95711 0.95643 0.95775 0.95771 0.95715 0.95652 0.95408 0.95260 0.95345
28.00000 0.95363 0.96899 0.96849 0.96306 0.96179 0.96223 0.95531 0.95419 0.95474 0.95556 0.95245 0.95262 0.95020 0.95088 0.95402 0.95559 0.95469 0.95492 0.95483 0.95493 0.95466 0.95643 0.95632 0.95786 0.95741 0.95917 0.95806 0.95873 0.95781 0.96069 0.95746 0.95981 0.95908 0.95821 0.95709 0.95886 0.95882 0.95798 0.95777 0.95521 0.95451 0.95577
29.00000 0.95577 0.97131 0.97100 0.96594 0.96450 0.96506 0.95823 0.95731 0.95655 0.95755 0.95451 0.95497 0.95259 0.95276 0.95597 0.95739 0.95652 0.95664 0.95654 0.95677 0.95630 0.95783 0.95787 0.95898 0.95878 0.96014 0.95931 0.95995 0.95968 0.96188 0.95930 0.96120 0.95996 0.95921 0.95830 0.95988 0.95936 0.95883 0.95880 0.95663 0.95612 0.95837
30.00000 0.95786 0.97351 0.97319 0.96854 0.96695 0.96766 0.96096 0.96011 0.95834 0.95923 0.95667 0.95726 0.95523 0.95488 0.95783 0.95911 0.95819 0.95836 0.95824 0.95870 0.95857 0.95914 0.95938 0.96005 0.96008 0.96106 0.96051 0.96134 0.96080 0.96280 0.96069 0.96236 0.96011 0.96054 0.95954 0.96115 0.95950 0.95987 0.95983 0.95811 0.95754 0.95984
31.00000 0.95985 0.97553 0.97508 0.97090 0.96957 0.97000 0.96355 0.96276 0.96007 0.96154 0.95862 0.95950 0.95778 0.95740 0.95963 0.96068 0.95999 0.96004 0.95995 0.96044 0.96058 0.96032 0.96083 0.96115 0.96148 0.96196 0.96168 0.96266 0.96133 0.96308 0.96152 0.96356 0.96081 0.96192 0.96097 0.96186 0.95988 0.96107 0.96075 0.95908 0.95888 0.96106
32.00000 0.96164 0.97765 0.97675 0.97301 0.97206 0.97206 0.96604 0.96513 0.96179 0.96367 0.96136 0.96170 0.96035 0.95991 0.96144 0.96218 0.96180 0.96170 0.96161 0.96207 0.96239 0.96178 0.96228 0.96211 0.96281 0.96295 0.96286 0.96340 0.96216 0.96335 0.96220 0.96454 0.96194 0.96309 0.96187 0.96293 0.96145 0.96193 0.96158 0.96051 0.96004 0.96216
33.00000 0.96341 0.97944 0.97826 0.97487 0.97403 0.97390 0.96838 0.96755 0.96346 0.96617 0.96367 0.96385 0.96274 0.96235 0.96331 0.96384 0.96340 0.96334 0.96320 0.96403 0.96391 0.96344 0.96370 0.96307 0.96403 0.96394 0.96402 0.96414 0.96361 0.96447 0.96359 0.96526 0.96330 0.96401 0.96281 0.96381 0.96248 0.96296 0.96234 0.96174 0.96115 0.96320
34.00000 0.96503 0.98079 0.97965 0.97651 0.97571 0.97555 0.97055 0.96980 0.96504 0.96792 0.96589 0.96595 0.96537 0.96482 0.96519 0.96528 0.96499 0.96499 0.96480 0.96542 0.96516 0.96498 0.96508 0.96408 0.96529 0.96518 0.96516 0.96517 0.96532 0.96533 0.96500 0.96593 0.96469 0.96502 0.96426 0.96460 0.96331 0.96396 0.96333 0.96276 0.96235 0.96397
35.00000 0.96649 0.98208 0.98092 0.97794 0.97685 0.97705 0.97253 0.97189 0.96657 0.96951 0.96816 0.96797 0.96770 0.96723 0.96702 0.96668 0.96667 0.96659 0.96643 0.96650 0.96638 0.96648 0.96644 0.96514 0.96658 0.96643 0.96641 0.96637 0.96625 0.96617 0.96616 0.96615 0.96609 0.96601 0.96592 0.96592 0.96488 0.96483 0.96425 0.96365 0.96345 0.96483
36.00000 0.96784 0.98411 0.98312 0.98058 0.97964 0.97982 0.97518 0.97445 0.96777 0.97177 0.97025 0.97003 0.96972 0.96913 0.96877 0.96817 0.96816 0.96802 0.96774 0.96786 0.96764 0.96771 0.96769 0.96618 0.96777 0.96760 0.96758 0.96753 0.96740 0.96731 0.96731 0.96729 0.96723 0.96714 0.96704 0.96704 0.96589 0.96583 0.96520 0.96467 0.96458 0.96598
37.00000 0.96919 0.98614 0.98532 0.98321 0.98244 0.98259 0.97782 0.97701 0.96897 0.97403 0.97234 0.97210 0.97175 0.97104 0.97052 0.96967 0.96965 0.96945 0.96906 0.96922 0.96891 0.96894 0.96893 0.96722 0.96897 0.96877 0.96875 0.96869 0.96856 0.96846 0.96845 0.96843 0.96837 0.96826 0.96816 0.96816 0.96691 0.96684 0.96616 0.96569 0.96570 0.96713
38.00000 0.97052 0.98794 0.98727 0.98556 0.98493 0.98505 0.98022 0.97934 0.97012 0.97612 0.97430 0.97404 0.97367 0.97285 0.97220 0.97112 0.97111 0.97085 0.97035 0.97056 0.97017 0.97014 0.97015 0.96821 0.97012 0.96989 0.96986 0.96980 0.96965 0.96954 0.96953 0.96951 0.96944 0.96933 0.96921 0.96922 0.96787 0.96780 0.96708 0.96666 0.96676 0.96821
39.00000 0.97172 0.98839 0.98775 0.98612 0.98552 0.98564 0.98107 0.98025 0.97097 0.97722 0.97550 0.97526 0.97491 0.97411 0.97344 0.97234 0.97232 0.97206 0.97154 0.97175 0.97135 0.97115 0.97122 0.96887 0.97095 0.97065 0.97062 0.97054 0.97037 0.97024 0.97023 0.97021 0.97013 0.97000 0.96987 0.96987 0.96855 0.96849 0.96779 0.96738 0.96746 0.96889
40.00000 0.97291 0.98884 0.98824 0.98669 0.98612 0.98622 0.98193 0.98116 0.97183 0.97832 0.97671 0.97648 0.97615 0.97537 0.97468 0.97355 0.97353 0.97326 0.97274 0.97295 0.97254 0.97216 0.97228 0.96954 0.97179 0.97140 0.97137 0.97129 0.97109 0.97094 0.97094 0.97091 0.97082 0.97067 0.97052 0.97052 0.96924 0.96917 0.96850 0.96809 0.96816 0.96956
41.00000 0.97411 0.98929 0.98872 0.98725 0.98671 0.98681 0.98279 0.98207 0.97268 0.97941 0.97791 0.97769 0.97739 0.97663 0.97593 0.97476 0.97475 0.97447 0.97393 0.97415 0.97372 0.97318 0.97335 0.97021 0.97263 0.97216 0.97213 0.97203 0.97181 0.97165 0.97164 0.97161 0.97151 0.97134 0.97117 0.97118 0.96992 0.96986 0.96922 0.96880 0.96886 0.97023
42.00000 0.97531 0.98974 0.98920 0.98781 0.98730 0.98740 0.98365 0.98298 0.97353 0.98051 0.97911 0.97891 0.97863 0.97789 0.97717 0.97598 0.97596 0.97568 0.97512 0.97535 0.97490 0.97419 0.97442 0.97088 0.97347 0.97292 0.97288 0.97278 0.97253 0.97235 0.97234 0.97231 0.97219 0.97201 0.97183 0.97183 0.97060 0.97054 0.96993 0.96952 0.96956 0.97090
43.00000 0.97651 0.99019 0.98968 0.98838 0.98790 0.98799 0.98451 0.98389 0.97439 0.98161 0.98031 0.98013 0.97987 0.97915 0.97841 0.97719 0.97717 0.97688 0.97632 0.97655 0.97609 0.97520 0.97548 0.97155 0.97430 0.97368 0.97363 0.97352 0.97325 0.97306 0.97304 0.97301 0.97288 0.97268 0.97248 0.97248 0.97128 0.97123 0.97064 0.97023 0.97026 0.97157
44.00000 0.97771 0.99064 0.99016 0.98894 0.98849 0.98858 0.98537 0.98480 0.97524 0.98270 0.98152 0.98135 0.98110 0.98040 0.97965 0.97840 0.97839 0.97809 0.97751 0.97775 0.97727 0.97621 0.97655 0.97222 0.97514 0.97443 0.97439 0.97427 0.97397 0.97376 0.97375 0.97371 0.97357 0.97335 0.97314 0.97314 0.97197 0.97191 0.97136 0.97094 0.97096 0.97224
45.00000 0.97890 0.99109 0.99064 0.98950 0.98908 0.98916 0.98623 0.98571 0.97609 0.98380 0.98272 0.98256 0.98234 0.98166 0.98089 0.97962 0.97960 0.97930 0.97870 0.97895 0.97846 0.97722 0.97762 0.97289 0.97598 0.97519 0.97514 0.97501 0.97469 0.97446 0.97445 0.97441 0.97426 0.97403 0.97379 0.97379 0.97265 0.97260 0.97207 0.97166 0.97166 0.97291
46.00000 0.98010 0.99154 0.99112 0.99007 0.98968 0.98975 0.98709 0.98662 0.97695 0.98490 0.98392 0.98378 0.98358 0.98292 0.98214 0.98083 0.98081 0.98050 0.97990 0.98015 0.97964 0.97823 0.97868 0.97356 0.97681 0.97595 0.97590 0.97575 0.97541 0.97517 0.97515 0.97511 0.97495 0.97470 0.97444 0.97444 0.97333 0.97328 0.97278 0.97237 0.97236 0.97358
47.00000 0.98130 0.99199 0.99161 0.99063 0.99027 0.99034 0.98795 0.98753 0.97780 0.98599 0.98512 0.98500 0.98482 0.98418 0.98338 0.98204 0.98203 0.98171 0.98109 0.98134 0.98083 0.97925 0.97975 0.97423 0.97765 0.97671 0.97665 0.97650 0.97613 0.97587 0.97585 0.97581 0.97564 0.97537 0.97510 0.97510 0.97401 0.97397 0.97349 0.97308 0.97306 0.97425
48.00000 0.98250 0.99244 0.99209 0.99119 0.99087 0.99093 0.98881 0.98844 0.97865 0.98709 0.98633 0.98622 0.98606 0.98544 0.98462 0.98326 0.98324 0.98292 0.98228 0.98254 0.98201 0.98026 0.98082 0.97490 0.97849 0.97746 0.97740 0.97724 0.97685 0.97657 0.97656 0.97651 0.97632 0.97604 0.97575 0.97575 0.97470 0.97465 0.97421 0.97380 0.97376 0.97493
49.00000 0.98370 0.99289 0.99257 0.99176 0.99146 0.99152 0.98966 0.98935 0.97951 0.98819 0.98753 0.98744 0.98730 0.98670 0.98586 0.98447 0.98445 0.98412 0.98348 0.98374 0.98320 0.98127 0.98188 0.97557 0.97933 0.97822 0.97816 0.97799 0.97757 0.97728 0.97726 0.97721 0.97701 0.97671 0.97640 0.97640 0.97538 0.97534 0.97492 0.97451 0.97446 0.97560
50.00000 0.98489 0.99334 0.99305 0.99232 0.99205 0.99210 0.99052 0.99026 0.98036 0.98928 0.98873 0.98865 0.98854 0.98796 0.98710 0.98569 0.98567 0.98533 0.98467 0.98494 0.98438 0.98228 0.98295 0.97624 0.98016 0.97898 0.97891 0.97873 0.97829 0.97798 0.97796 0.97791 0.97770 0.97738 0.97706 0.97706 0.97606 0.97602 0.97563 0.97522 0.97516 0.97627
#******** 1.00000 1.00000 1.00000 1.00000 1.00000 1.00000 1.00000 1.00000 1.00000 1.00000 1.00000 1.00000 1.00000 1.00000 1.00000 1.00000 1.00000 1.00000 1.00000 1.00000 1.00000 1.00000 1.00000 1.00000 1.00000 1.00000 1.00000 1.00000 1.00000 1.00000 1.00000 1.00000 1.00000 1.00000 1.00000 1.00000 1.00000 1.00000 1.00000 1.00000 1.00000 1.00000
