pb      PHOTPLAM PHOTBW  PHTFLAM2       STMAG   ABMAG   VEGAMAG
#Filter A       A       erg/s/cm^2/A    mag     mag     mag
F200LP  4882.8  1741.6  5.32870E-20     27.083  27.332  26.850
F218W   2222.9  124.4   1.31590E-17     21.102  23.059  21.358
F225W   2356.9  172.8   4.35420E-18     22.303  24.133  22.469
F275W   2702.2  165.4   3.47240E-18     22.548  24.082  22.574
F280N   2829.3  200.5   6.39260E-17     19.386  20.820  19.385
F300X   2801.5  315.2   1.49220E-18     23.465  24.921  23.496
F336W   3353.9  158.3   1.38090E-18     23.550  24.614  23.420
F343N   3435.0  86.6    2.73800E-18     22.806  23.819  22.660
F350LP  5895.7  1513.3  5.64940E-20     27.020  26.859  26.684
F373N   3730.8  18.3    1.44070E-17     21.004  21.837  20.944
F390M   3896.9  65.5    2.75120E-18     22.801  23.540  23.443
F390W   3918.9  291.3   5.41280E-19     24.566  25.293  25.067
F395N   3955.1  26.3    6.49300E-18     21.869  22.575  22.596
F410M   4108.8  57.2    2.55950E-18     22.880  23.503  23.656
F438W   4324.5  197.5   7.34040E-19     24.236  24.748  24.892
F467M   4682.6  68.7    1.79740E-18     23.263  23.603  23.750
F469N   4688.7  20.2    1.02010E-17     21.378  21.715  21.867
F475W   4770.8  422.0   2.73090E-19     25.309  25.608  25.696
F475X   4935.7  662.0   1.67630E-19     25.839  26.064  26.106
F487N   4872.0  22.0    6.41920E-18     21.881  22.135  21.921
F502N   5009.6  27.3    5.59580E-18     22.030  22.223  22.304
F547M   5447.4  206.2   4.97110E-19     24.659  24.670  24.662
F555W   5308.7  518.1   2.00710E-19     25.644  25.711  25.722
F600LP  7499.6  959.9   9.45710E-20     26.461  25.778  25.437
F606W   5892.5  658.5   1.25590E-19     26.153  25.993  25.897
F621M   6219.7  185.8   4.41120E-19     24.789  24.512  24.355
F625W   6245.4  451.8   1.87400E-19     25.718  25.432  25.273
F631N   6304.9  43.2    5.24450E-18     22.101  21.794  21.629
F645N   6453.6  42.9    3.62320E-18     22.502  22.145  21.947
F656N   6562.8  42.9    1.78390E-17     20.772  20.378  19.758
F657N   6566.7  41.1    2.40840E-18     22.946  22.551  22.223
F658N   6585.3  153.2   1.06480E-17     21.332  20.931  20.571
F665N   6655.9  42.3    2.18100E-18     23.053  22.629  22.382
F673N   6765.9  42.2    2.44650E-18     22.929  22.469  22.223
F680N   6877.7  112.1   7.60750E-19     24.197  23.702  23.435
F689M   6877.7  207.9   4.10970E-19     24.865  24.370  24.088
F763M   7614.9  229.1   4.28700E-19     24.820  24.103  23.711
F775W   7655.8  419.9   2.32300E-19     25.485  24.757  24.365
F814W   8054.0  672.7   1.66670E-19     25.845  25.007  24.574
F845M   8441.1  260.1   5.06450E-19     24.639  23.699  23.187
F850LP  9187.9  473.7   4.23090E-19     24.834  23.710  23.169
F953N   9530.7  70.2    9.28300E-18     21.481  20.277  19.650
