   pixel  F200LP   F218W   F225W   F275W   F280N   F300X   F336W   F343N  F350LP   F373N   F390M   F390W   F395N   F410M   F438W   F467M   F469N   F475W   F475X   F487N   F502N   F547M   F555W  F600LP   F606W   F621M   F625W   F631N   F645N   F656N   F657N   F658N   F665N   F673N   F680N   F689M   F763M   F775W   F814W   F845M  F850LP   F953N
 3.00000 0.68666 0.70003 0.71802 0.73592 0.71548 0.70452 0.75398 0.74134 0.74026 0.73767 0.74454 0.75838 0.74926 0.74426 0.76634 0.76301 0.76194 0.75763 0.74050 0.75011 0.76078 0.75618 0.76448 0.71469 0.75467 0.75263 0.74677 0.74142 0.74125 0.73449 0.73692 0.73638 0.73526 0.73541 0.73145 0.72214 0.71171 0.71860 0.70833 0.69082 0.65100 0.60782
 4.00000 0.76630 0.76199 0.77564 0.79238 0.78102 0.77444 0.81040 0.80737 0.80894 0.80484 0.80765 0.81703 0.81341 0.80904 0.82222 0.81907 0.81770 0.81965 0.80825 0.81017 0.81888 0.81867 0.82584 0.80285 0.82187 0.81999 0.81761 0.81151 0.81193 0.80582 0.80818 0.80721 0.81091 0.81110 0.81030 0.80179 0.80694 0.81104 0.80643 0.79809 0.76248 0.72124
 5.00000 0.80741 0.79422 0.80562 0.82202 0.81438 0.80990 0.83946 0.84026 0.84273 0.83947 0.84376 0.84765 0.84879 0.84718 0.85249 0.85108 0.84971 0.85078 0.84371 0.84505 0.84975 0.84771 0.85431 0.83819 0.85058 0.84678 0.84599 0.83983 0.83980 0.83341 0.83428 0.83361 0.83908 0.83862 0.83880 0.83154 0.84112 0.84306 0.84344 0.84033 0.82087 0.78823
 6.00000 0.83103 0.81321 0.82373 0.84077 0.83302 0.83023 0.85782 0.85820 0.86374 0.85771 0.86280 0.86593 0.86765 0.86865 0.87154 0.87314 0.87212 0.87109 0.86712 0.86979 0.87302 0.87036 0.87455 0.85750 0.87105 0.86751 0.86667 0.86160 0.86096 0.85454 0.85401 0.85352 0.85982 0.85811 0.85858 0.85239 0.85974 0.85936 0.85935 0.85524 0.84159 0.81316
 7.00000 0.84610 0.82648 0.83583 0.85315 0.84577 0.84377 0.87139 0.87048 0.87840 0.87040 0.87465 0.87873 0.87934 0.88062 0.88392 0.88630 0.88537 0.88408 0.88234 0.88390 0.88728 0.88635 0.88829 0.87445 0.88670 0.88661 0.88443 0.88201 0.88205 0.87531 0.87395 0.87331 0.88003 0.87804 0.87758 0.87245 0.87617 0.87420 0.87280 0.86810 0.85472 0.82905
 8.00000 0.85721 0.83746 0.84556 0.86204 0.85575 0.85401 0.88123 0.88014 0.88915 0.87965 0.88372 0.88895 0.88813 0.88941 0.89397 0.89600 0.89502 0.89395 0.89249 0.89310 0.89678 0.89617 0.89772 0.88877 0.89743 0.89853 0.89626 0.89547 0.89628 0.89044 0.88783 0.88766 0.89606 0.89411 0.89461 0.89004 0.89274 0.88973 0.88693 0.88054 0.86704 0.84411
 9.00000 0.86610 0.84686 0.85392 0.86938 0.86381 0.86240 0.88837 0.88764 0.89749 0.88756 0.89159 0.89695 0.89600 0.89717 0.90223 0.90367 0.90266 0.90242 0.90034 0.90047 0.90488 0.90406 0.90564 0.89898 0.90523 0.90554 0.90390 0.90244 0.90300 0.89831 0.89430 0.89463 0.90374 0.90186 0.90348 0.89918 0.90586 0.90212 0.89918 0.89508 0.87923 0.85649
10.00000 0.87367 0.85552 0.86136 0.87582 0.87081 0.86961 0.89407 0.89355 0.90419 0.89383 0.89821 0.90311 0.90299 0.90435 0.90887 0.90978 0.90874 0.90940 0.90697 0.90673 0.91115 0.91095 0.91268 0.90629 0.91192 0.91186 0.91062 0.90799 0.90887 0.90427 0.89979 0.89980 0.90907 0.90686 0.90871 0.90475 0.91195 0.90872 0.90716 0.90602 0.89139 0.87208
11.00000 0.88053 0.86465 0.86899 0.88126 0.87700 0.87594 0.89900 0.89868 0.90977 0.89859 0.90312 0.90802 0.90844 0.91000 0.91419 0.91569 0.91471 0.91504 0.91261 0.91260 0.91653 0.91626 0.91860 0.91236 0.91782 0.91814 0.91681 0.91456 0.91504 0.91075 0.90592 0.90545 0.91526 0.91221 0.91371 0.91036 0.91601 0.91335 0.91235 0.91117 0.89988 0.88490
12.00000 0.88678 0.87400 0.87732 0.88625 0.88193 0.88199 0.90331 0.90335 0.91459 0.90299 0.90761 0.91219 0.91295 0.91447 0.91839 0.92070 0.91976 0.91973 0.91745 0.91840 0.92191 0.92109 0.92351 0.91774 0.92299 0.92303 0.92199 0.91965 0.91997 0.91708 0.91141 0.91096 0.92089 0.91827 0.91979 0.91609 0.92083 0.91824 0.91697 0.91515 0.90467 0.89132
13.00000 0.89254 0.88320 0.88585 0.89177 0.88699 0.88802 0.90703 0.90744 0.91881 0.90741 0.91166 0.91591 0.91699 0.91857 0.92212 0.92425 0.92331 0.92371 0.92163 0.92315 0.92618 0.92582 0.92761 0.92240 0.92735 0.92703 0.92641 0.92402 0.92331 0.92134 0.91513 0.91474 0.92484 0.92242 0.92436 0.92045 0.92606 0.92335 0.92185 0.91926 0.90871 0.89675
14.00000 0.89793 0.89193 0.89388 0.89792 0.89230 0.89404 0.91018 0.91077 0.92247 0.91084 0.91543 0.91919 0.92071 0.92203 0.92547 0.92755 0.92655 0.92712 0.92531 0.92633 0.92925 0.92964 0.93111 0.92663 0.93103 0.93124 0.93049 0.92882 0.92705 0.92482 0.91869 0.91836 0.92849 0.92565 0.92764 0.92397 0.93029 0.92771 0.92624 0.92395 0.91295 0.90162
15.00000 0.90319 0.90007 0.90120 0.90419 0.89736 0.90013 0.91311 0.91342 0.92572 0.91407 0.91863 0.92203 0.92403 0.92538 0.92838 0.93086 0.92988 0.93018 0.92860 0.92945 0.93236 0.93249 0.93416 0.93057 0.93434 0.93532 0.93406 0.93317 0.93119 0.92899 0.92274 0.92218 0.93240 0.92921 0.93114 0.92798 0.93310 0.93113 0.92998 0.92875 0.91806 0.90576
16.00000 0.90823 0.90785 0.90798 0.91020 0.90224 0.90617 0.91634 0.91624 0.92861 0.91650 0.92135 0.92451 0.92645 0.92832 0.93099 0.93378 0.93287 0.93291 0.93141 0.93244 0.93545 0.93524 0.93682 0.93406 0.93730 0.93838 0.93714 0.93700 0.93531 0.93386 0.92784 0.92683 0.93648 0.93362 0.93545 0.93234 0.93583 0.93427 0.93335 0.93186 0.92337 0.91091
17.00000 0.91310 0.91558 0.91466 0.91560 0.90776 0.91189 0.92006 0.91954 0.93129 0.91864 0.92379 0.92688 0.92824 0.93053 0.93328 0.93635 0.93553 0.93528 0.93383 0.93518 0.93808 0.93800 0.93922 0.93701 0.93992 0.94069 0.93984 0.94018 0.93793 0.93662 0.93111 0.93012 0.93936 0.93769 0.93905 0.93617 0.93901 0.93753 0.93656 0.93429 0.92742 0.91666
18.00000 0.91792 0.92314 0.92146 0.92056 0.91268 0.91725 0.92392 0.92315 0.93381 0.92155 0.92616 0.92929 0.93016 0.93255 0.93523 0.93851 0.93779 0.93734 0.93595 0.93807 0.94046 0.94051 0.94140 0.93963 0.94225 0.94306 0.94230 0.94301 0.94033 0.93847 0.93324 0.93231 0.94150 0.93985 0.94112 0.93907 0.94210 0.94061 0.93960 0.93690 0.93137 0.92073
19.00000 0.92248 0.93039 0.92823 0.92536 0.91697 0.92255 0.92772 0.92670 0.93623 0.92555 0.92886 0.93181 0.93238 0.93461 0.93699 0.94017 0.93954 0.93921 0.93802 0.94074 0.94257 0.94269 0.94331 0.94223 0.94437 0.94550 0.94454 0.94603 0.94323 0.94058 0.93608 0.93436 0.94308 0.94162 0.94291 0.94122 0.94457 0.94321 0.94223 0.93974 0.93486 0.92314
20.00000 0.92681 0.93710 0.93480 0.93023 0.92174 0.92777 0.93139 0.93028 0.93853 0.92964 0.93197 0.93447 0.93506 0.93669 0.93880 0.94168 0.94113 0.94095 0.94002 0.94298 0.94421 0.94466 0.94502 0.94459 0.94627 0.94765 0.94665 0.94883 0.94595 0.94385 0.93924 0.93679 0.94524 0.94426 0.94490 0.94319 0.94634 0.94538 0.94454 0.94291 0.93798 0.92714
21.00000 0.93087 0.94331 0.94095 0.93519 0.92717 0.93293 0.93476 0.93393 0.94080 0.93298 0.93467 0.93720 0.93749 0.93904 0.94083 0.94319 0.94266 0.94273 0.94191 0.94518 0.94560 0.94634 0.94658 0.94676 0.94798 0.94947 0.94855 0.95051 0.94787 0.94663 0.94268 0.93864 0.94753 0.94683 0.94709 0.94565 0.94862 0.94732 0.94668 0.94548 0.94103 0.93114
22.00000 0.93472 0.94893 0.94665 0.94012 0.93233 0.93800 0.93781 0.93738 0.94299 0.93580 0.93707 0.93988 0.93958 0.94104 0.94302 0.94478 0.94432 0.94453 0.94374 0.94713 0.94699 0.94779 0.94806 0.94873 0.94951 0.95126 0.95027 0.95190 0.94951 0.94861 0.94494 0.94046 0.94954 0.94902 0.94920 0.94799 0.95062 0.94930 0.94876 0.94721 0.94442 0.93387
23.00000 0.93841 0.95394 0.95183 0.94488 0.93752 0.94276 0.94071 0.94036 0.94510 0.93890 0.93973 0.94241 0.94203 0.94283 0.94523 0.94663 0.94619 0.94633 0.94550 0.94883 0.94837 0.94917 0.94957 0.95049 0.95094 0.95293 0.95182 0.95413 0.95095 0.94986 0.94708 0.94387 0.95187 0.95188 0.95084 0.95013 0.95273 0.95115 0.95067 0.94885 0.94724 0.93635
24.00000 0.94191 0.95833 0.95645 0.94939 0.94288 0.94704 0.94357 0.94302 0.94710 0.94294 0.94275 0.94478 0.94455 0.94469 0.94736 0.94861 0.94818 0.94819 0.94723 0.95024 0.94983 0.95052 0.95106 0.95209 0.95234 0.95432 0.95319 0.95651 0.95214 0.95238 0.94955 0.94658 0.95398 0.95388 0.95258 0.95165 0.95444 0.95279 0.95232 0.95070 0.94873 0.93757
25.00000 0.94517 0.96217 0.96057 0.95363 0.94746 0.95108 0.94648 0.94555 0.94899 0.94531 0.94526 0.94705 0.94716 0.94686 0.94945 0.95039 0.94996 0.95011 0.94910 0.95156 0.95151 0.95190 0.95254 0.95351 0.95370 0.95546 0.95445 0.95827 0.95364 0.95451 0.95090 0.94876 0.95517 0.95544 0.95445 0.95313 0.95541 0.95428 0.95383 0.95267 0.95022 0.94094
26.00000 0.94811 0.96546 0.96412 0.95757 0.95186 0.95496 0.94947 0.94810 0.95081 0.94705 0.94727 0.94923 0.94959 0.94949 0.95151 0.95204 0.95163 0.95200 0.95104 0.95279 0.95319 0.95337 0.95404 0.95498 0.95504 0.95655 0.95561 0.95955 0.95533 0.95590 0.95201 0.95086 0.95624 0.95747 0.95613 0.95436 0.95693 0.95561 0.95528 0.95453 0.95234 0.94455
27.00000 0.95089 0.96832 0.96719 0.96112 0.95583 0.95867 0.95256 0.95091 0.95266 0.94916 0.94928 0.95136 0.95159 0.95186 0.95349 0.95375 0.95335 0.95386 0.95289 0.95375 0.95471 0.95491 0.95557 0.95628 0.95636 0.95767 0.95674 0.96059 0.95677 0.95614 0.95332 0.95281 0.95749 0.95881 0.95741 0.95580 0.95821 0.95696 0.95671 0.95602 0.95437 0.94661
28.00000 0.95345 0.97086 0.96983 0.96431 0.95990 0.96197 0.95559 0.95391 0.95450 0.95181 0.95129 0.95350 0.95342 0.95396 0.95535 0.95566 0.95525 0.95565 0.95476 0.95425 0.95617 0.95642 0.95712 0.95741 0.95767 0.95871 0.95787 0.96209 0.95776 0.95730 0.95512 0.95455 0.95870 0.95942 0.95822 0.95690 0.95930 0.95821 0.95797 0.95721 0.95578 0.95019
29.00000 0.95574 0.97302 0.97211 0.96712 0.96349 0.96474 0.95850 0.95697 0.95631 0.95374 0.95330 0.95565 0.95553 0.95574 0.95703 0.95766 0.95729 0.95736 0.95651 0.95620 0.95767 0.95787 0.95858 0.95855 0.95899 0.95964 0.95906 0.96317 0.95907 0.95890 0.95659 0.95621 0.95980 0.96007 0.95922 0.95808 0.96079 0.95942 0.95906 0.95834 0.95726 0.95439
30.00000 0.95777 0.97492 0.97403 0.96960 0.96693 0.96731 0.96124 0.95968 0.95804 0.95597 0.95563 0.95777 0.95772 0.95707 0.95866 0.95951 0.95925 0.95899 0.95818 0.95866 0.95935 0.95926 0.95999 0.95963 0.96032 0.96076 0.96032 0.96352 0.96062 0.96010 0.95830 0.95782 0.96041 0.96092 0.96036 0.95901 0.96160 0.96059 0.96005 0.95953 0.95846 0.95616
31.00000 0.95964 0.97659 0.97572 0.97178 0.96998 0.96967 0.96381 0.96227 0.95973 0.95960 0.95798 0.95985 0.95949 0.95895 0.96025 0.96111 0.96092 0.96056 0.95989 0.96082 0.96116 0.96068 0.96138 0.96068 0.96164 0.96196 0.96155 0.96357 0.96240 0.96146 0.96041 0.95890 0.96133 0.96194 0.96139 0.96001 0.96215 0.96164 0.96099 0.96059 0.95985 0.95471
32.00000 0.96149 0.97817 0.97720 0.97366 0.97291 0.97174 0.96626 0.96495 0.96144 0.96258 0.96071 0.96195 0.96170 0.96108 0.96186 0.96254 0.96249 0.96213 0.96157 0.96208 0.96275 0.96218 0.96272 0.96173 0.96295 0.96318 0.96283 0.96448 0.96329 0.96226 0.96150 0.96024 0.96276 0.96320 0.96236 0.96147 0.96265 0.96244 0.96187 0.96150 0.96046 0.95577
33.00000 0.96327 0.97959 0.97856 0.97528 0.97468 0.97362 0.96853 0.96740 0.96317 0.96557 0.96354 0.96408 0.96409 0.96324 0.96357 0.96389 0.96386 0.96363 0.96322 0.96348 0.96398 0.96367 0.96401 0.96293 0.96421 0.96429 0.96403 0.96559 0.96369 0.96293 0.96312 0.96270 0.96433 0.96501 0.96361 0.96287 0.96380 0.96314 0.96268 0.96232 0.96168 0.95750
34.00000 0.96499 0.98087 0.97980 0.97671 0.97558 0.97550 0.97061 0.96973 0.96491 0.96717 0.96604 0.96607 0.96592 0.96521 0.96532 0.96524 0.96520 0.96514 0.96486 0.96487 0.96519 0.96511 0.96524 0.96404 0.96541 0.96533 0.96525 0.96605 0.96460 0.96406 0.96465 0.96451 0.96503 0.96595 0.96483 0.96426 0.96425 0.96392 0.96346 0.96296 0.96269 0.96028
35.00000 0.96649 0.98208 0.98092 0.97794 0.97685 0.97705 0.97253 0.97189 0.96657 0.96951 0.96816 0.96797 0.96770 0.96723 0.96702 0.96668 0.96667 0.96659 0.96643 0.96650 0.96638 0.96648 0.96644 0.96514 0.96658 0.96643 0.96641 0.96637 0.96625 0.96617 0.96616 0.96615 0.96609 0.96601 0.96592 0.96592 0.96488 0.96483 0.96425 0.96365 0.96345 0.96483
36.00000 0.96784 0.98411 0.98312 0.98058 0.97964 0.97982 0.97518 0.97445 0.96777 0.97177 0.97025 0.97003 0.96972 0.96913 0.96877 0.96817 0.96816 0.96802 0.96774 0.96786 0.96764 0.96771 0.96769 0.96618 0.96777 0.96760 0.96758 0.96753 0.96740 0.96731 0.96731 0.96729 0.96723 0.96714 0.96704 0.96704 0.96589 0.96583 0.96520 0.96467 0.96458 0.96598
37.00000 0.96919 0.98614 0.98532 0.98321 0.98244 0.98259 0.97782 0.97701 0.96897 0.97403 0.97234 0.97210 0.97175 0.97104 0.97052 0.96967 0.96965 0.96945 0.96906 0.96922 0.96891 0.96894 0.96893 0.96722 0.96897 0.96877 0.96875 0.96869 0.96856 0.96846 0.96845 0.96843 0.96837 0.96826 0.96816 0.96816 0.96691 0.96684 0.96616 0.96569 0.96570 0.96713
38.00000 0.97052 0.98794 0.98727 0.98556 0.98493 0.98505 0.98022 0.97934 0.97012 0.97612 0.97430 0.97404 0.97367 0.97285 0.97220 0.97112 0.97111 0.97085 0.97035 0.97056 0.97017 0.97014 0.97015 0.96821 0.97012 0.96989 0.96986 0.96980 0.96965 0.96954 0.96953 0.96951 0.96944 0.96933 0.96921 0.96922 0.96787 0.96780 0.96708 0.96666 0.96676 0.96821
39.00000 0.97172 0.98839 0.98775 0.98612 0.98552 0.98564 0.98107 0.98025 0.97097 0.97722 0.97550 0.97526 0.97491 0.97411 0.97344 0.97234 0.97232 0.97206 0.97154 0.97175 0.97135 0.97115 0.97122 0.96887 0.97095 0.97065 0.97062 0.97054 0.97037 0.97024 0.97023 0.97021 0.97013 0.97000 0.96987 0.96987 0.96855 0.96849 0.96779 0.96738 0.96746 0.96889
40.00000 0.97291 0.98884 0.98824 0.98669 0.98612 0.98622 0.98193 0.98116 0.97183 0.97832 0.97671 0.97648 0.97615 0.97537 0.97468 0.97355 0.97353 0.97326 0.97274 0.97295 0.97254 0.97216 0.97228 0.96954 0.97179 0.97140 0.97137 0.97129 0.97109 0.97094 0.97094 0.97091 0.97082 0.97067 0.97052 0.97052 0.96924 0.96917 0.96850 0.96809 0.96816 0.96956
41.00000 0.97411 0.98929 0.98872 0.98725 0.98671 0.98681 0.98279 0.98207 0.97268 0.97941 0.97791 0.97769 0.97739 0.97663 0.97593 0.97476 0.97475 0.97447 0.97393 0.97415 0.97372 0.97318 0.97335 0.97021 0.97263 0.97216 0.97213 0.97203 0.97181 0.97165 0.97164 0.97161 0.97151 0.97134 0.97117 0.97118 0.96992 0.96986 0.96922 0.96880 0.96886 0.97023
42.00000 0.97531 0.98974 0.98920 0.98781 0.98730 0.98740 0.98365 0.98298 0.97353 0.98051 0.97911 0.97891 0.97863 0.97789 0.97717 0.97598 0.97596 0.97568 0.97512 0.97535 0.97490 0.97419 0.97442 0.97088 0.97347 0.97292 0.97288 0.97278 0.97253 0.97235 0.97234 0.97231 0.97219 0.97201 0.97183 0.97183 0.97060 0.97054 0.96993 0.96952 0.96956 0.97090
43.00000 0.97651 0.99019 0.98968 0.98838 0.98790 0.98799 0.98451 0.98389 0.97439 0.98161 0.98031 0.98013 0.97987 0.97915 0.97841 0.97719 0.97717 0.97688 0.97632 0.97655 0.97609 0.97520 0.97548 0.97155 0.97430 0.97368 0.97363 0.97352 0.97325 0.97306 0.97304 0.97301 0.97288 0.97268 0.97248 0.97248 0.97128 0.97123 0.97064 0.97023 0.97026 0.97157
44.00000 0.97771 0.99064 0.99016 0.98894 0.98849 0.98858 0.98537 0.98480 0.97524 0.98270 0.98152 0.98135 0.98110 0.98040 0.97965 0.97840 0.97839 0.97809 0.97751 0.97775 0.97727 0.97621 0.97655 0.97222 0.97514 0.97443 0.97439 0.97427 0.97397 0.97376 0.97375 0.97371 0.97357 0.97335 0.97314 0.97314 0.97197 0.97191 0.97136 0.97094 0.97096 0.97224
45.00000 0.97890 0.99109 0.99064 0.98950 0.98908 0.98916 0.98623 0.98571 0.97609 0.98380 0.98272 0.98256 0.98234 0.98166 0.98089 0.97962 0.97960 0.97930 0.97870 0.97895 0.97846 0.97722 0.97762 0.97289 0.97598 0.97519 0.97514 0.97501 0.97469 0.97446 0.97445 0.97441 0.97426 0.97403 0.97379 0.97379 0.97265 0.97260 0.97207 0.97166 0.97166 0.97291
46.00000 0.98010 0.99154 0.99112 0.99007 0.98968 0.98975 0.98709 0.98662 0.97695 0.98490 0.98392 0.98378 0.98358 0.98292 0.98214 0.98083 0.98081 0.98050 0.97990 0.98015 0.97964 0.97823 0.97868 0.97356 0.97681 0.97595 0.97590 0.97575 0.97541 0.97517 0.97515 0.97511 0.97495 0.97470 0.97444 0.97444 0.97333 0.97328 0.97278 0.97237 0.97236 0.97358
47.00000 0.98130 0.99199 0.99161 0.99063 0.99027 0.99034 0.98795 0.98753 0.97780 0.98599 0.98512 0.98500 0.98482 0.98418 0.98338 0.98204 0.98203 0.98171 0.98109 0.98134 0.98083 0.97925 0.97975 0.97423 0.97765 0.97671 0.97665 0.97650 0.97613 0.97587 0.97585 0.97581 0.97564 0.97537 0.97510 0.97510 0.97401 0.97397 0.97349 0.97308 0.97306 0.97425
48.00000 0.98250 0.99244 0.99209 0.99119 0.99087 0.99093 0.98881 0.98844 0.97865 0.98709 0.98633 0.98622 0.98606 0.98544 0.98462 0.98326 0.98324 0.98292 0.98228 0.98254 0.98201 0.98026 0.98082 0.97490 0.97849 0.97746 0.97740 0.97724 0.97685 0.97657 0.97656 0.97651 0.97632 0.97604 0.97575 0.97575 0.97470 0.97465 0.97421 0.97380 0.97376 0.97493
49.00000 0.98370 0.99289 0.99257 0.99176 0.99146 0.99152 0.98966 0.98935 0.97951 0.98819 0.98753 0.98744 0.98730 0.98670 0.98586 0.98447 0.98445 0.98412 0.98348 0.98374 0.98320 0.98127 0.98188 0.97557 0.97933 0.97822 0.97816 0.97799 0.97757 0.97728 0.97726 0.97721 0.97701 0.97671 0.97640 0.97640 0.97538 0.97534 0.97492 0.97451 0.97446 0.97560
50.00000 0.98489 0.99334 0.99305 0.99232 0.99205 0.99210 0.99052 0.99026 0.98036 0.98928 0.98873 0.98865 0.98854 0.98796 0.98710 0.98569 0.98567 0.98533 0.98467 0.98494 0.98438 0.98228 0.98295 0.97624 0.98016 0.97898 0.97891 0.97873 0.97829 0.97798 0.97796 0.97791 0.97770 0.97738 0.97706 0.97706 0.97606 0.97602 0.97563 0.97522 0.97516 0.97627
#******** 1.00000 1.00000 1.00000 1.00000 1.00000 1.00000 1.00000 1.00000 1.00000 1.00000 1.00000 1.00000 1.00000 1.00000 1.00000 1.00000 1.00000 1.00000 1.00000 1.00000 1.00000 1.00000 1.00000 1.00000 1.00000 1.00000 1.00000 1.00000 1.00000 1.00000 1.00000 1.00000 1.00000 1.00000 1.00000 1.00000 1.00000 1.00000 1.00000 1.00000 1.00000 1.00000
